6.287979418104820972e-01,7.570207570207569958e-01,6.720630460977554677e-01,5.999999999999999778e-01
5.935019365578926287e-01,7.857142857142856984e-01,6.470215505361557318e-01,6.700000000000000400e-01
5.759031513617152154e-01,7.619047619047618625e-01,5.676659184694290428e-01,8.100000000000000533e-01
5.355072832451417408e-01,8.070818070818071011e-01,5.867124253138900070e-01,7.500000000000000000e-01
4.790028066480115920e-01,8.284493284493285037e-01,5.014469613879919407e-01,8.399999999999999689e-01
4.874987976900750919e-01,8.284493284493285037e-01,5.487306000292301311e-01,7.800000000000000266e-01
4.807803795715027695e-01,8.266178266178265677e-01,4.734915397316217245e-01,8.100000000000000533e-01
4.977231531725770930e-01,8.101343101343101427e-01,5.859021990001201941e-01,7.299999999999999822e-01
4.798961694878827178e-01,8.217338217338217010e-01,5.214598780870437489e-01,7.800000000000000266e-01
4.846756904271132260e-01,8.156288156288156177e-01,5.381815452501177433e-01,7.700000000000000178e-01
6.626984978797453296e-01,7.167277167277167349e-01,4.763953181356191391e-01,8.699999999999999956e-01
8.696668847249104939e-01,5.958485958485958411e-01,6.087465458363294779e-01,7.500000000000000000e-01
6.022543157467912245e-01,6.593406593406593297e-01,7.117986112087965056e-01,5.899999999999999689e-01
5.784152047720002576e-01,7.368742368742369209e-01,5.589719470590353012e-01,6.899999999999999467e-01
4.926113232115104101e-01,7.826617826617826568e-01,5.150401206687093003e-01,7.900000000000000355e-01
4.420840725739360044e-01,8.296703296703297204e-01,5.220598066598176601e-01,7.399999999999999911e-01
5.336575013140764101e-01,6.800976800976801240e-01,5.721015215665101739e-01,7.099999999999999645e-01
5.054698468564631231e-01,8.009768009768010177e-01,4.969472367316484229e-01,8.100000000000000533e-01
5.591846333227605825e-01,7.747252747252747485e-01,6.506980565190315646e-01,7.299999999999999822e-01
5.000806124664851637e-01,8.162393162393162260e-01,5.349454142898321107e-01,7.399999999999999911e-01
4.845645313807314114e-01,8.223443223443223093e-01,5.118584920465946153e-01,7.900000000000000355e-01
4.905976057280041491e-01,7.960927960927960401e-01,5.281476771086454081e-01,7.700000000000000178e-01
4.795692405039137518e-01,7.967032967032966484e-01,4.628744646534323492e-01,8.100000000000000533e-01
6.013009815371079814e-01,5.958485958485958411e-01,6.025207228213548261e-01,6.899999999999999467e-01
5.029735998210743686e-01,8.547008547008546619e-01,6.103836091607809378e-01,6.600000000000000311e-01
6.554781896572773325e-01,6.013431013431013161e-01,6.371755368262529418e-01,6.700000000000000400e-01
5.420078003508412845e-01,7.258852258852258599e-01,5.993925938010216115e-01,6.600000000000000311e-01
4.951034634850546290e-01,7.899877899877899567e-01,5.153051087632775085e-01,7.600000000000000089e-01
4.918331722200134926e-01,7.960927960927960401e-01,6.224501339346170115e-01,6.899999999999999467e-01
4.843900803890492934e-01,8.113553113553113594e-01,5.903826261311769796e-01,7.199999999999999734e-01
4.828657665186458225e-01,8.394383394383394537e-01,4.933018698543309988e-01,7.800000000000000266e-01
5.092996596603203141e-01,6.746031746031746490e-01,4.856842284277081423e-01,8.000000000000000444e-01
3.700121913573753418e-01,8.717948717948718063e-01,4.544635158963501453e-01,8.000000000000000444e-01
1.027111929182932037e+00,7.075702075702076099e-01,3.827241352200508318e-01,8.800000000000000044e-01
4.973165297537350815e-01,7.930402930402929984e-01,7.553015081770717565e-01,7.199999999999999734e-01
4.931919539053907231e-01,8.125763125763125760e-01,4.632178991660475531e-01,8.100000000000000533e-01
6.098050333113751442e-01,7.002442002442001989e-01,5.648338516987859714e-01,8.000000000000000444e-01
5.720370104661500754e-01,7.161172161172161266e-01,6.521430338919163017e-01,5.999999999999999778e-01
5.379817827589927770e-01,7.930402930402929984e-01,5.603299660980701757e-01,6.999999999999999556e-01
5.317702836405954203e-01,7.417582417582417875e-01,5.303142184019088434e-01,7.399999999999999911e-01
5.211932064194382264e-01,7.240537240537240349e-01,6.416835486143827039e-01,6.400000000000000133e-01
6.017696272777405264e-01,5.958485958485958411e-01,6.304125572741031691e-01,6.899999999999999467e-01
5.161161897874577686e-01,8.235653235653235260e-01,6.189503538608550626e-01,5.899999999999999689e-01
5.106117262963264514e-01,7.973137973137973677e-01,5.821269872784614607e-01,7.199999999999999734e-01
5.175349778599209749e-01,7.741147741147741401e-01,5.220054200291633917e-01,7.500000000000000000e-01
7.174316518945716981e-01,6.703296703296702796e-01,4.262366262078285395e-01,8.599999999999999867e-01
5.908237281408939001e-01,7.039072039072039599e-01,7.027408658713102385e-01,5.899999999999999689e-01
5.631320278668577872e-01,7.802197802197802234e-01,6.418744657933711517e-01,5.600000000000000533e-01
4.678948078718450088e-01,7.777777777777777901e-01,5.069812180846929861e-01,7.900000000000000355e-01
7.489267258321518073e-01,6.294261294261294104e-01,6.484255746006966081e-01,7.199999999999999734e-01
6.180991625620259056e-01,6.514041514041514214e-01,5.874561816453933716e-01,7.199999999999999734e-01
6.516324858680385690e-01,6.312576312576312354e-01,5.603755421191454200e-01,6.999999999999999556e-01
5.601523251446721696e-01,6.587301587301587213e-01,6.648439024388790308e-01,6.199999999999999956e-01
5.336121703874461275e-01,7.826617826617826568e-01,5.603354807198047682e-01,7.099999999999999645e-01
5.246527663117072082e-01,7.655677655677655125e-01,4.886443379521370201e-01,7.900000000000000355e-01
4.974042469651525633e-01,8.113553113553113594e-01,6.079013216495513516e-01,6.999999999999999556e-01
4.629847875026410486e-01,8.467643467643467536e-01,5.605750459432602417e-01,6.999999999999999556e-01
5.376351410761858185e-01,7.814407814407814401e-01,5.994738420471549256e-01,7.199999999999999734e-01
4.165650197647066122e-01,8.620268620268620730e-01,4.911965833604335918e-01,8.399999999999999689e-01
5.264995242122183505e-01,7.582417582417582125e-01,6.683660971745848389e-01,7.199999999999999734e-01
4.575301023912007881e-01,7.783882783882783984e-01,4.574955203384161173e-01,8.199999999999999512e-01
4.676323996149504003e-01,8.113553113553113594e-01,5.300100806355476646e-01,7.500000000000000000e-01
4.279286716183390293e-01,8.467643467643467536e-01,4.806249443441629188e-01,7.600000000000000089e-01
4.201873321409117512e-01,8.394383394383394537e-01,3.846271743625402362e-01,8.399999999999999689e-01
3.899965683960325280e-01,8.547008547008546619e-01,4.746644468232989467e-01,8.000000000000000444e-01
4.009527794593747418e-01,8.522588522588522286e-01,3.942364385724067555e-01,8.599999999999999867e-01
3.977680294609586276e-01,8.522588522588522286e-01,4.218174100294709294e-01,8.000000000000000444e-01
4.144726741094692524e-01,8.369963369963370203e-01,4.565615699440240816e-01,8.100000000000000533e-01
3.971746595910726207e-01,8.534798534798534453e-01,4.323813677392899790e-01,8.399999999999999689e-01
4.337265537972124219e-01,8.217338217338217010e-01,4.507614603638648854e-01,8.100000000000000533e-01
4.105152036239630986e-01,8.412698412698412787e-01,4.615025785379111567e-01,7.800000000000000266e-01
3.988916664151190283e-01,8.583638583638583119e-01,4.025526556558907121e-01,8.199999999999999512e-01
4.010041458930215241e-01,8.437118437118437120e-01,4.857000754401087916e-01,7.700000000000000178e-01
3.611849122277036583e-01,8.730158730158730229e-01,3.883620294742285983e-01,8.699999999999999956e-01
3.413735738090070138e-01,8.864468864468864062e-01,3.443507801927626066e-01,8.599999999999999867e-01
3.594509940776378087e-01,8.809523809523809312e-01,4.506699034944176563e-01,8.399999999999999689e-01
4.215492396655245999e-01,8.388278388278388453e-01,4.693247439712285862e-01,8.100000000000000533e-01
3.703914870142991367e-01,8.650793650793651146e-01,2.845541970245540342e-01,9.000000000000000222e-01
3.539015503522913719e-01,8.815628815628815396e-01,4.321769303362816839e-01,8.199999999999999512e-01
4.547419217909812739e-01,8.192918192918192677e-01,4.749102587904781014e-01,7.600000000000000089e-01
4.214174925623704882e-01,8.327228327228327620e-01,4.839429822191596009e-01,7.800000000000000266e-01
3.947222158028511063e-01,8.351648351648351953e-01,3.512443249300122305e-01,9.000000000000000222e-01
5.488404451035899800e-01,7.393162393162393542e-01,3.995676013547926897e-01,8.599999999999999867e-01
4.246581295284559965e-01,8.076923076923077094e-01,6.015177791938185470e-01,7.299999999999999822e-01
3.987431230401035642e-01,8.461538461538461453e-01,5.369935282319784342e-01,7.399999999999999911e-01
4.342754862529381588e-01,8.296703296703297204e-01,4.909953156672418051e-01,8.000000000000000444e-01
4.348774507064122052e-01,8.260073260073259593e-01,4.385765267536044232e-01,8.399999999999999689e-01
4.789464266650078628e-01,7.960927960927960401e-01,5.026071191392839088e-01,7.900000000000000355e-01
4.345293614776834512e-01,8.302808302808303287e-01,4.409996989741921669e-01,8.399999999999999689e-01
4.836227517502248441e-01,8.162393162393162260e-01,4.548157136887311935e-01,8.299999999999999600e-01
4.328842834866308831e-01,8.424908424908424953e-01,6.131310088187456042e-01,7.399999999999999911e-01
4.475562517486867398e-01,8.308913308913309370e-01,3.548512760177254810e-01,9.000000000000000222e-01
4.549902080602589161e-01,8.424908424908424953e-01,3.733703402429819351e-01,8.800000000000000044e-01
4.152152353126705719e-01,8.528693528693528370e-01,5.043990214914083614e-01,8.000000000000000444e-01
4.324235575721668279e-01,8.418803418803418870e-01,5.844147542864084333e-01,7.399999999999999911e-01
3.821627596536508187e-01,8.681318681318681563e-01,4.077285295352339745e-01,8.299999999999999600e-01
4.136315504309603930e-01,8.479853479853479703e-01,4.250467198342084973e-01,8.599999999999999867e-01
4.450792551827554289e-01,8.186813186813186594e-01,5.363351133838295537e-01,7.700000000000000178e-01
4.126177210069655876e-01,8.327228327228327620e-01,5.843981458619237346e-01,7.600000000000000089e-01
4.270098947843716242e-01,8.357753357753358037e-01,4.263127906434238112e-01,8.399999999999999689e-01
6.227666954163084689e-01,7.228327228327228182e-01,2.984886302798986368e-01,9.100000000000000311e-01
4.533301987349804829e-01,8.174603174603174427e-01,4.093968775682151340e-01,8.399999999999999689e-01
3.802070450742748298e-01,8.534798534798534453e-01,4.597965494357049709e-01,8.299999999999999600e-01
6.177836218041450334e-01,7.570207570207569958e-01,3.047854072600603148e-01,9.000000000000000222e-01
4.102550906007506604e-01,7.869352869352869151e-01,3.614116773754358358e-01,8.599999999999999867e-01
5.021989417304449921e-01,7.454212454212454375e-01,4.097769329324364440e-01,8.499999999999999778e-01
3.377603633290609531e-01,8.766788766788766729e-01,4.063537943363189631e-01,8.000000000000000444e-01
3.442113614858324788e-01,8.577533577533577036e-01,4.327562604285776771e-01,7.800000000000000266e-01
3.966344393134771940e-01,8.455433455433455370e-01,4.268423886038362758e-01,8.499999999999999778e-01
3.691940873324580097e-01,8.644688644688645063e-01,2.641779212094843565e-01,9.000000000000000222e-01
3.299005216144489383e-01,8.840048840048839729e-01,3.933618279360234782e-01,8.599999999999999867e-01
3.695104999947605995e-01,8.681318681318681563e-01,4.048821086436509842e-01,8.399999999999999689e-01
3.675574400031231814e-01,8.559218559218558786e-01,4.385811518318951108e-01,8.199999999999999512e-01
4.178618806913513284e-01,7.594627594627594291e-01,5.267008313536644115e-01,7.600000000000000089e-01
3.316675003718070891e-01,8.785103785103784979e-01,3.245729868859052458e-01,8.800000000000000044e-01
3.343150555014027803e-01,8.638583638583638979e-01,3.909723243489861555e-01,8.199999999999999512e-01
3.403349356255033764e-01,8.614163614163614646e-01,2.881656778231262983e-01,8.900000000000000133e-01
3.306490478341232442e-01,8.894993894993894479e-01,2.779364600032567800e-01,9.100000000000000311e-01
3.547421820673259396e-01,8.492063492063491870e-01,3.494563246704637804e-01,8.599999999999999867e-01
3.604205793431608518e-01,8.394383394383394537e-01,4.333365603070706285e-01,8.499999999999999778e-01
3.308659155531280538e-01,8.870573870573870146e-01,3.908633756823837735e-01,8.800000000000000044e-01
3.121087537357477015e-01,8.888888888888888395e-01,3.476326080784201689e-01,8.699999999999999956e-01
3.119085502966565393e-01,8.913308913308913839e-01,4.145407411828637145e-01,8.399999999999999689e-01
4.595446163681546348e-01,8.180708180708180510e-01,3.836537563242018445e-01,8.599999999999999867e-01
3.021330830387507493e-01,8.925518925518926006e-01,3.393667388334870583e-01,8.800000000000000044e-01
3.059005714902911510e-01,8.882783882783882312e-01,3.414854270406067482e-01,8.800000000000000044e-01
3.398407638420934407e-01,8.553113553113552703e-01,4.246769012883305772e-01,8.299999999999999600e-01
3.307990458258342481e-01,8.809523809523809312e-01,3.494050629530102148e-01,8.699999999999999956e-01
3.129659183152811441e-01,8.797313797313797146e-01,3.029762387461960582e-01,9.000000000000000222e-01
3.296745915002256555e-01,8.876678876678876229e-01,2.905372692365199572e-01,8.900000000000000133e-01
3.062439092784046690e-01,8.925518925518926006e-01,4.138079080358147421e-01,8.299999999999999600e-01
3.227399262691755810e-01,8.675213675213675479e-01,4.012408505845814766e-01,8.199999999999999512e-01
4.008599833331738527e-01,7.936507936507936067e-01,4.599762944504618423e-01,8.000000000000000444e-01
3.838908603819717325e-01,8.449328449328449286e-01,4.299751759320497579e-01,8.299999999999999600e-01
3.522110637641251429e-01,8.632478632478632896e-01,3.317291507218033120e-01,8.699999999999999956e-01
3.666439027717662280e-01,8.443223443223443203e-01,3.980974175035953411e-01,8.599999999999999867e-01
3.092763026839665530e-01,8.852258852258851896e-01,4.600157340150326513e-01,8.000000000000000444e-01
3.274520159015598120e-01,8.736263736263736313e-01,3.795506013184785643e-01,8.499999999999999778e-01
3.482019389855592340e-01,8.644688644688645063e-01,3.819379803538322515e-01,8.299999999999999600e-01
3.107975117307297253e-01,8.840048840048839729e-01,3.322010030783713042e-01,8.499999999999999778e-01
3.639366022659117905e-01,7.905982905982905651e-01,3.443765929248183699e-01,8.499999999999999778e-01
3.265565693104396372e-01,8.760683760683760646e-01,3.676833188487216852e-01,8.299999999999999600e-01
8.796824629626649461e-01,5.958485958485958411e-01,7.221987365302630080e-01,7.500000000000000000e-01
5.998206276341963017e-01,5.958485958485958411e-01,6.788062828034162610e-01,6.199999999999999956e-01
5.694356474011080804e-01,5.958485958485958411e-01,5.596220308542251276e-01,6.700000000000000400e-01
7.592726381943630809e-01,5.958485958485958411e-01,7.026525575667619261e-01,6.400000000000000133e-01
4.269117464167003217e-01,8.479853479853479703e-01,4.991418936848640575e-01,8.100000000000000533e-01
4.605931871740081562e-01,7.948717948717948234e-01,4.320371090620755972e-01,8.199999999999999512e-01
4.316462782167252987e-01,8.327228327228327620e-01,5.488796474784612967e-01,7.399999999999999911e-01
9.463512989691252875e-01,5.958485958485958411e-01,5.090959442406892688e-01,7.900000000000000355e-01
6.926113600332076681e-01,5.958485958485958411e-01,7.866199193149805424e-01,6.099999999999999867e-01
6.230931551319629502e-01,6.117216117216117688e-01,6.845384630560874539e-01,5.500000000000000444e-01
4.733414567361093339e-01,8.345543345543345870e-01,5.784755954891442897e-01,7.500000000000000000e-01
4.937759604718949813e-01,7.765567765567765735e-01,4.798914844542741531e-01,8.000000000000000444e-01
4.261841687745663854e-01,8.418803418803418870e-01,4.909531466290354973e-01,8.199999999999999512e-01
4.056440549601273982e-01,8.577533577533577036e-01,5.275955227017402605e-01,7.800000000000000266e-01
4.040862572116729612e-01,8.638583638583638979e-01,4.388636850565671987e-01,8.299999999999999600e-01
3.982407183219224822e-01,8.522588522588522286e-01,4.300304673612117545e-01,8.499999999999999778e-01
3.300070657107128658e-01,8.931623931623932089e-01,3.639106895774603112e-01,9.000000000000000222e-01
7.400144302855917733e-01,5.958485958485958411e-01,7.521565858647227820e-01,6.700000000000000400e-01
6.518398700361578424e-01,5.958485958485958411e-01,7.114453668892383176e-01,5.699999999999999512e-01
6.294020800618170819e-01,5.958485958485958411e-01,7.065263617038727295e-01,5.000000000000000000e-01
6.183328075614167307e-01,6.617826617826617630e-01,6.353156301379203619e-01,6.400000000000000133e-01
6.091977283449545588e-01,6.605616605616605463e-01,6.552603468298912048e-01,5.699999999999999512e-01
5.927842254130686328e-01,6.770451770451770823e-01,6.210301083326339455e-01,6.999999999999999556e-01
5.755148288931456468e-01,8.089133089133089261e-01,6.014577735960483507e-01,6.700000000000000400e-01
5.266762464528992327e-01,8.302808302808303287e-01,5.585461752116680501e-01,7.199999999999999734e-01
5.510836478973192287e-01,7.350427350427350959e-01,5.325891974568367493e-01,7.299999999999999822e-01
5.046397616656926877e-01,7.875457875457875234e-01,5.791911667585373236e-01,6.999999999999999556e-01
5.099058955935112936e-01,7.716727716727717068e-01,4.872213613241910823e-01,8.299999999999999600e-01
4.829183284452546743e-01,7.942612942612942151e-01,5.113568532466888916e-01,7.500000000000000000e-01
3.961742046574569520e-01,8.772893772893772812e-01,4.125114160776138239e-01,8.000000000000000444e-01
4.559006675377360596e-01,8.119658119658119677e-01,5.005051722005009474e-01,7.700000000000000178e-01
3.792993838720305488e-01,8.840048840048839729e-01,4.511630024015903517e-01,8.199999999999999512e-01
3.579501017828054521e-01,8.882783882783882312e-01,3.559446840360760422e-01,9.100000000000000311e-01
3.955204515230087980e-01,8.626373626373626813e-01,4.864867895096540718e-01,8.299999999999999600e-01
3.647070046154934353e-01,8.681318681318681563e-01,6.366605310700833575e-01,6.199999999999999956e-01
4.089718762107457106e-01,8.601953601953602480e-01,4.916535835713148339e-01,7.800000000000000266e-01
3.258643695773040805e-01,8.882783882783882312e-01,3.281889816559850903e-01,9.200000000000000400e-01
3.526204908005119987e-01,8.522588522588522286e-01,3.727425814047455876e-01,8.599999999999999867e-01
4.798723492084551179e-01,8.394383394383394537e-01,4.857748844474554240e-01,7.199999999999999734e-01
4.468812934044516516e-01,8.272283272283271760e-01,4.303832198306918322e-01,8.000000000000000444e-01
4.068606765679241843e-01,8.485958485958485786e-01,4.317797020636499061e-01,8.499999999999999778e-01
3.935127577247491404e-01,8.656898656898657229e-01,4.038371756020933123e-01,8.699999999999999956e-01
5.054029967062748652e-01,8.272283272283271760e-01,4.698263332247734070e-01,8.499999999999999778e-01
4.766135538253883364e-01,8.046398046398046677e-01,5.428535710275173010e-01,7.099999999999999645e-01
4.557614871249585087e-01,8.186813186813186594e-01,4.764989831857383007e-01,7.399999999999999911e-01
4.592395099619078214e-01,8.272283272283271760e-01,4.742917074169963332e-01,8.299999999999999600e-01
4.458728990379962065e-01,8.174603174603174427e-01,4.876305652968585536e-01,8.000000000000000444e-01
4.548635295295453407e-01,8.321123321123321537e-01,4.547533005848526932e-01,8.100000000000000533e-01
4.110935535463839940e-01,8.437118437118437120e-01,5.021813732385634887e-01,7.700000000000000178e-01
4.059003785989441782e-01,8.443223443223443203e-01,5.105567770078778267e-01,7.600000000000000089e-01
4.161987709556961845e-01,8.388278388278388453e-01,4.102575869113206930e-01,8.599999999999999867e-01
4.441447885518254313e-01,8.229548229548229177e-01,4.161089920438826306e-01,8.699999999999999956e-01
3.878687362485679913e-01,8.583638583638583119e-01,4.161804206296801367e-01,8.399999999999999689e-01
4.257196281400937865e-01,8.382173382173382370e-01,5.411851280368864536e-01,8.100000000000000533e-01
4.150425502928076216e-01,8.406593406593406703e-01,3.991763575375080197e-01,8.599999999999999867e-01
4.658377081296782851e-01,8.357753357753358037e-01,4.035698924399912513e-01,8.399999999999999689e-01
4.036393959361773143e-01,8.461538461538461453e-01,3.903246353380381839e-01,8.800000000000000044e-01
3.967828932553711940e-01,8.492063492063491870e-01,4.727358588390052074e-01,8.000000000000000444e-01
3.839300241530559932e-01,8.577533577533577036e-01,4.494601148366927923e-01,8.100000000000000533e-01
3.741674136725209876e-01,8.644688644688645063e-01,3.722749198973178686e-01,8.699999999999999956e-01
4.103091278969695499e-01,8.461538461538461453e-01,3.896264945529401280e-01,8.599999999999999867e-01
3.762166900003058312e-01,8.583638583638583119e-01,4.741457252949476397e-01,8.199999999999999512e-01
3.495879572508026611e-01,8.754578754578754562e-01,4.510514267254620568e-01,8.199999999999999512e-01
3.282094227152356769e-01,8.772893772893772812e-01,3.704859729483723774e-01,8.499999999999999778e-01
3.661061876222618805e-01,8.650793650793651146e-01,4.803057961165905221e-01,8.299999999999999600e-01
3.377455961691517849e-01,8.742368742368742396e-01,2.823107014223933398e-01,9.200000000000000400e-01
3.472319379021323593e-01,8.724053724053724146e-01,4.201938061416148895e-01,8.299999999999999600e-01
3.491879909029810269e-01,8.577533577533577036e-01,3.320731033757329254e-01,9.000000000000000222e-01
3.249546087850726517e-01,8.711843711843711979e-01,3.505584644526243410e-01,8.499999999999999778e-01
3.109304579372844102e-01,8.821733821733821479e-01,3.717067428492009662e-01,8.199999999999999512e-01
3.377885011107784607e-01,8.601953601953602480e-01,3.682006222009658880e-01,8.699999999999999956e-01
3.166752841246288086e-01,8.742368742368742396e-01,2.865651475451886920e-01,8.699999999999999956e-01
3.067977393730583202e-01,8.846153846153845812e-01,3.708718078024685338e-01,8.399999999999999689e-01
2.976049007086017384e-01,8.974358974358974672e-01,3.590891642309725351e-01,8.699999999999999956e-01
3.251661467803722005e-01,8.534798534798534453e-01,3.072166676912456706e-01,8.499999999999999778e-01
3.265120462435996962e-01,8.540903540903540536e-01,3.299980847537517525e-01,8.900000000000000133e-01
3.094099270138930269e-01,8.760683760683760646e-01,3.203804875537752950e-01,8.399999999999999689e-01
2.998850580671021948e-01,8.907203907203907756e-01,3.026106427703052493e-01,8.699999999999999956e-01
3.199415894666452487e-01,8.699633699633699813e-01,4.088682112470269359e-01,8.199999999999999512e-01
4.843970702117325056e-01,7.924297924297923901e-01,4.783321485016495123e-01,7.900000000000000355e-01
4.552791075637707130e-01,8.315018315018315453e-01,5.878874637931584823e-01,7.099999999999999645e-01
4.216864914525304542e-01,8.357753357753358037e-01,4.795575131848454631e-01,8.100000000000000533e-01
3.851363999116370063e-01,8.540903540903540536e-01,4.273128974251448886e-01,8.399999999999999689e-01
2.983037973202591897e-01,8.931623931623932089e-01,3.242753701843321124e-01,8.900000000000000133e-01
3.638454102916741095e-01,8.522588522588522286e-01,3.780722673609852591e-01,8.499999999999999778e-01
3.082919607782720339e-01,8.888888888888888395e-01,3.681745873391628066e-01,8.599999999999999867e-01
3.478043664324123596e-01,8.650793650793651146e-01,3.270080058649182386e-01,8.900000000000000133e-01
3.987131855542679348e-01,8.266178266178265677e-01,3.241577392071485764e-01,8.800000000000000044e-01
3.687482826213860920e-01,8.394383394383394537e-01,4.093493734300136522e-01,8.599999999999999867e-01
3.175324959196013652e-01,8.742368742368742396e-01,4.712501660920679347e-01,8.399999999999999689e-01
3.077453745765582060e-01,8.894993894993894479e-01,3.410705249942839190e-01,8.800000000000000044e-01
3.101897292391775918e-01,8.797313797313797146e-01,3.723505089338868812e-01,8.199999999999999512e-01
3.107996743402110518e-01,8.778998778998778896e-01,2.608719943091273308e-01,9.000000000000000222e-01
3.104863734540594389e-01,8.778998778998778896e-01,3.433567245490848907e-01,8.499999999999999778e-01
3.082183601928281114e-01,8.785103785103784979e-01,3.025689224246889131e-01,8.900000000000000133e-01
3.058609201075902506e-01,8.821733821733821479e-01,4.119349194876849585e-01,8.199999999999999512e-01
3.055190738263257044e-01,8.919413919413919922e-01,3.580847694817930194e-01,8.699999999999999956e-01
2.904137631216437976e-01,8.943833943833944256e-01,2.396164536196738470e-01,9.399999999999999467e-01
2.941584475543145283e-01,8.925518925518926006e-01,3.637640447542071498e-01,8.699999999999999956e-01
3.107826389959116309e-01,8.815628815628815396e-01,3.482812816835940128e-01,8.699999999999999956e-01
3.224162401583714477e-01,8.730158730158730229e-01,4.095048615336417952e-01,8.399999999999999689e-01
2.967502451063985247e-01,8.962148962148962505e-01,3.285517204739153430e-01,8.499999999999999778e-01
3.284501038441691723e-01,8.803418803418803229e-01,5.155079675279558016e-01,7.700000000000000178e-01
3.239450230353008164e-01,8.815628815628815396e-01,4.080223158746957846e-01,8.199999999999999512e-01
3.140379587672787465e-01,8.809523809523809312e-01,3.535473466292023415e-01,8.100000000000000533e-01
3.077183558033627087e-01,8.772893772893772812e-01,2.785829219408333390e-01,8.900000000000000133e-01
3.008078459936838756e-01,8.846153846153845812e-01,3.487941217282786721e-01,8.599999999999999867e-01
3.050682323465125911e-01,8.833943833943833646e-01,3.025332357455045029e-01,8.800000000000000044e-01
2.896675985881897453e-01,8.962148962148962505e-01,3.227212633099407202e-01,8.900000000000000133e-01
3.257748259490717557e-01,8.827838827838827562e-01,2.412114927731454361e-01,9.399999999999999467e-01
2.950670360530679992e-01,8.919413919413919922e-01,3.270588910719379738e-01,8.800000000000000044e-01
3.024615861585771004e-01,8.962148962148962505e-01,3.485916452249512298e-01,8.499999999999999778e-01
3.039332131271834103e-01,8.778998778998778896e-01,3.576849295292049424e-01,8.699999999999999956e-01
2.948824366286251220e-01,8.919413919413919922e-01,3.859238884318619833e-01,8.599999999999999867e-01
2.875756348900597170e-01,8.974358974358974672e-01,4.455554976500570863e-01,8.399999999999999689e-01
2.950670090657505629e-01,8.937728937728938172e-01,3.224633718095719637e-01,8.800000000000000044e-01
2.954159266427978103e-01,8.913308913308913839e-01,3.773527377471327937e-01,8.800000000000000044e-01
2.970195411168884969e-01,8.858363858363857979e-01,3.093837296310812390e-01,8.800000000000000044e-01
3.197236095779144582e-01,8.754578754578754562e-01,4.211274980567395465e-01,8.499999999999999778e-01
3.002275294454834209e-01,8.931623931623932089e-01,2.987103188317268843e-01,9.000000000000000222e-01
3.012937940679881743e-01,8.803418803418803229e-01,3.294665421638637848e-01,8.599999999999999867e-01
3.056993905616348650e-01,8.663003663003663313e-01,3.070595093071460946e-01,8.900000000000000133e-01
7.028137824028475311e-01,6.819291819291819490e-01,3.593468674458563106e-01,8.599999999999999867e-01
3.362801999958989208e-01,8.736263736263736313e-01,4.042075707763433390e-01,8.100000000000000533e-01
3.406675985681122953e-01,8.717948717948718063e-01,2.700093591678887628e-01,9.100000000000000311e-01
3.177591110096382176e-01,8.827838827838827562e-01,4.357244569342583196e-01,8.399999999999999689e-01
2.986538377323247895e-01,8.840048840048839729e-01,2.904068946558981956e-01,8.900000000000000133e-01
3.023092214914177567e-01,8.901098901098900562e-01,4.098806340433657214e-01,8.000000000000000444e-01
4.551871886570120207e-01,7.942612942612942151e-01,5.033339247107505576e-01,8.000000000000000444e-01
3.422997745916119827e-01,8.760683760683760646e-01,4.473405966907739728e-01,8.199999999999999512e-01
3.271305383420725632e-01,8.803418803418803229e-01,3.749846956133842668e-01,8.599999999999999867e-01
3.383957775325601713e-01,8.675213675213675479e-01,3.900892810896038898e-01,8.499999999999999778e-01
3.295485374082212093e-01,8.797313797313797146e-01,3.704775034077465445e-01,8.599999999999999867e-01
3.665654294656746637e-01,8.540903540903540536e-01,2.898454451188445247e-01,9.100000000000000311e-01
3.372791787911939010e-01,8.772893772893772812e-01,4.003129358403384463e-01,8.399999999999999689e-01
3.162355212271850124e-01,8.809523809523809312e-01,2.933690938819200067e-01,8.800000000000000044e-01
2.995819966598745054e-01,8.919413919413919922e-01,4.329527038801461725e-01,8.599999999999999867e-01
2.963776186231401044e-01,8.931623931623932089e-01,2.303103195596486463e-01,9.300000000000000488e-01
3.173369002666083238e-01,8.681318681318681563e-01,3.698143054731189983e-01,8.499999999999999778e-01
3.200561630793179457e-01,8.785103785103784979e-01,3.266364060435444361e-01,8.900000000000000133e-01
2.971397433122927034e-01,8.876678876678876229e-01,3.071595485787838586e-01,8.900000000000000133e-01
2.977645039144489747e-01,8.943833943833944256e-01,4.130409398674965149e-01,8.399999999999999689e-01
2.982103309397368673e-01,8.907203907203907756e-01,3.468906329572200575e-01,8.800000000000000044e-01
3.728598593250917470e-01,8.400488400488400620e-01,4.551591673679649674e-01,7.500000000000000000e-01
3.574630193359994990e-01,8.571428571428570953e-01,4.032468771748244918e-01,8.299999999999999600e-01
3.404139037663628797e-01,8.608058608058608563e-01,3.027733392734080486e-01,8.599999999999999867e-01
3.368683861277460556e-01,8.595848595848596396e-01,2.630499975103884891e-01,9.100000000000000311e-01
3.474421788652919951e-01,8.504273504273504036e-01,4.618141575530171350e-01,8.199999999999999512e-01
3.456042789432228202e-01,8.656898656898657229e-01,4.368137353658675948e-01,8.299999999999999600e-01
3.307309004163166977e-01,8.595848595848596396e-01,2.878316512331366428e-01,8.900000000000000133e-01
3.369603149913551476e-01,8.632478632478632896e-01,4.920441070292145280e-01,7.800000000000000266e-01
3.450137496299323092e-01,8.565323565323564869e-01,3.986545732431113764e-01,8.100000000000000533e-01
3.330798181028574723e-01,8.577533577533577036e-01,3.535665603168308690e-01,8.499999999999999778e-01
3.224092401434486832e-01,8.693528693528693729e-01,3.055716709420084887e-01,8.499999999999999778e-01
3.282466256019905826e-01,8.595848595848596396e-01,3.595317847654223575e-01,8.499999999999999778e-01
3.227305097314409621e-01,8.626373626373626813e-01,4.046913234703242712e-01,8.399999999999999689e-01
3.316348380317072353e-01,8.577533577533577036e-01,2.867020766949280874e-01,9.200000000000000400e-01
3.136762417102362255e-01,8.693528693528693729e-01,2.376452627312392041e-01,8.900000000000000133e-01
3.114253220919369625e-01,8.711843711843711979e-01,3.651533773494884394e-01,8.399999999999999689e-01
3.209299554989215042e-01,8.620268620268620730e-01,4.116062942240387157e-01,8.299999999999999600e-01
3.402756995377068105e-01,8.485958485958485786e-01,4.330612480081617588e-01,8.499999999999999778e-01
3.423975302993578218e-01,8.565323565323564869e-01,2.964045737497508770e-01,8.499999999999999778e-01
3.112640336305994571e-01,8.742368742368742396e-01,3.991790604125708408e-01,8.299999999999999600e-01
3.005806154608999248e-01,8.827838827838827562e-01,1.939664274174719982e-01,9.300000000000000488e-01
3.159550933431156117e-01,8.742368742368742396e-01,3.707855830388143703e-01,8.599999999999999867e-01
3.144477615326242703e-01,8.766788766788766729e-01,3.028916754713282256e-01,8.900000000000000133e-01
3.056096329987140203e-01,8.742368742368742396e-01,3.832049312721937939e-01,8.800000000000000044e-01
3.007327293538202828e-01,8.803418803418803229e-01,3.403522682096808971e-01,8.800000000000000044e-01
3.062419129833487963e-01,8.766788766788766729e-01,3.969109578430652374e-01,8.199999999999999512e-01
3.135591990670350548e-01,8.705738705738705896e-01,3.982727511320263147e-01,8.399999999999999689e-01
3.035524622952254226e-01,8.748473748473748479e-01,3.459882961120456235e-01,8.499999999999999778e-01
3.026258478518825679e-01,8.840048840048839729e-01,3.789697416685521847e-01,8.199999999999999512e-01
2.939474751646329320e-01,8.852258852258851896e-01,2.538315757270902528e-01,9.100000000000000311e-01
2.961212748892477764e-01,8.821733821733821479e-01,3.671749670943245114e-01,8.299999999999999600e-01
3.027785796801740203e-01,8.852258852258851896e-01,3.383687020931392953e-01,8.599999999999999867e-01
2.887586921746859714e-01,8.882783882783882312e-01,2.492975470703095164e-01,9.100000000000000311e-01
2.955530397019716093e-01,8.901098901098900562e-01,4.087027346249669790e-01,8.199999999999999512e-01
3.056833319882242272e-01,8.754578754578754562e-01,2.664013505447656027e-01,9.000000000000000222e-01
3.191987400424185495e-01,8.778998778998778896e-01,3.840460303332656755e-01,8.699999999999999956e-01
2.987234829430341909e-01,8.736263736263736313e-01,2.397445834893733307e-01,9.000000000000000222e-01
2.876736708980404122e-01,8.901098901098900562e-01,2.729121348075568831e-01,8.800000000000000044e-01
2.970438405828179640e-01,8.888888888888888395e-01,4.307036338746547677e-01,8.199999999999999512e-01
3.033307752275204994e-01,8.864468864468864062e-01,3.849180234596133454e-01,8.299999999999999600e-01
2.978020776381604673e-01,8.864468864468864062e-01,3.150044843740761324e-01,8.800000000000000044e-01
2.919580327933688491e-01,8.815628815628815396e-01,2.790369109995662900e-01,9.100000000000000311e-01
3.277949436484712264e-01,8.516483516483516203e-01,3.439398653572425246e-01,8.699999999999999956e-01
3.128655205335199585e-01,8.638583638583638979e-01,2.663844832358882031e-01,8.800000000000000044e-01
2.960213808205219843e-01,8.925518925518926006e-01,3.632173930853605515e-01,8.599999999999999867e-01
3.070757113771242497e-01,8.650793650793651146e-01,3.163851481769233698e-01,8.699999999999999956e-01
3.000061280368139238e-01,8.717948717948718063e-01,3.254466928495094447e-01,8.599999999999999867e-01
2.893782014820965864e-01,8.870573870573870146e-01,3.748086472880094999e-01,8.599999999999999867e-01
3.068884910699503088e-01,8.675213675213675479e-01,2.533339344058185838e-01,9.100000000000000311e-01
2.881510374528584717e-01,8.882783882783882312e-01,3.756138162338175102e-01,8.299999999999999600e-01
2.870742946099012483e-01,8.913308913308913839e-01,3.471977512678131594e-01,8.699999999999999956e-01
2.850330989575866614e-01,8.913308913308913839e-01,3.288974322052672372e-01,9.000000000000000222e-01
2.954455634922480423e-01,8.858363858363857979e-01,3.833876529708504788e-01,8.399999999999999689e-01
2.861555789327828725e-01,8.956043956043956422e-01,3.207633439870551384e-01,8.800000000000000044e-01
2.923416967602658345e-01,8.913308913308913839e-01,4.218003420811146653e-01,8.399999999999999689e-01
2.889094177578940825e-01,8.894993894993894479e-01,2.373084893729537626e-01,9.200000000000000400e-01
2.883058174277891017e-01,8.962148962148962505e-01,3.970820917189121224e-01,8.299999999999999600e-01
3.053147626076443966e-01,8.827838827838827562e-01,4.430290371086448298e-01,8.199999999999999512e-01
2.857468667950694985e-01,8.974358974358974672e-01,3.179574326612055191e-01,8.900000000000000133e-01
2.875667966172208434e-01,8.962148962148962505e-01,3.295423140190541500e-01,8.800000000000000044e-01
2.844631648002708402e-01,8.962148962148962505e-01,1.907307928893715032e-01,9.300000000000000488e-01
2.822044565574344244e-01,8.937728937728938172e-01,2.617138001322746321e-01,8.900000000000000133e-01
2.860877544918212223e-01,8.913308913308913839e-01,2.969533280003816000e-01,9.200000000000000400e-01
2.903365286792627398e-01,8.901098901098900562e-01,2.365685742162167982e-01,9.100000000000000311e-01
2.895732766457393415e-01,8.827838827838827562e-01,2.965807245345786214e-01,8.800000000000000044e-01
2.993745009252239964e-01,8.907203907203907756e-01,4.370048042293637747e-01,7.900000000000000355e-01
2.890456115357323275e-01,8.943833943833944256e-01,3.121999400062486774e-01,8.599999999999999867e-01
3.069225668950377184e-01,8.840048840048839729e-01,3.266558638424612582e-01,8.699999999999999956e-01
3.016432002161189563e-01,8.687423687423687646e-01,2.544366294541396400e-01,8.900000000000000133e-01
2.861962519826024010e-01,8.962148962148962505e-01,2.757787008699961184e-01,8.800000000000000044e-01
3.267122774759605441e-01,8.846153846153845812e-01,2.497668783366680245e-01,9.200000000000000400e-01
6.279006271346748713e-01,7.698412698412698818e-01,3.751590747851878405e-01,8.499999999999999778e-01
3.123702446245548714e-01,8.846153846153845812e-01,4.296287298994138637e-01,8.399999999999999689e-01
3.016097797586904661e-01,8.870573870573870146e-01,2.307304088119417340e-01,9.100000000000000311e-01
3.012643960101009100e-01,8.888888888888888395e-01,3.807708420092240087e-01,8.199999999999999512e-01
2.947287002176965376e-01,8.937728937728938172e-01,2.518929622648283795e-01,9.200000000000000400e-01
2.949862755711107343e-01,8.894993894993894479e-01,3.442005251487716966e-01,8.100000000000000533e-01
2.929497526205794289e-01,8.956043956043956422e-01,3.968710203981026807e-01,8.499999999999999778e-01
2.829348077958902530e-01,8.949938949938950339e-01,2.842431673547253235e-01,9.000000000000000222e-01
3.098674020354700853e-01,8.833943833943833646e-01,2.681165677774697276e-01,8.900000000000000133e-01
3.279572355285769181e-01,8.760683760683760646e-01,3.393245763657614655e-01,8.399999999999999689e-01
2.971063789113291831e-01,8.913308913308913839e-01,3.045698025543242538e-01,9.100000000000000311e-01
2.881343871200404694e-01,8.901098901098900562e-01,3.758332061581313721e-01,8.499999999999999778e-01
2.903132882880067323e-01,8.894993894993894479e-01,2.579653086047619670e-01,8.900000000000000133e-01
2.932281310991889933e-01,8.888888888888888395e-01,3.330734436307102309e-01,8.900000000000000133e-01
2.923363135730727147e-01,8.919413919413919922e-01,2.870264230621978885e-01,8.800000000000000044e-01
2.987603471285785184e-01,8.894993894993894479e-01,3.624338812939822407e-01,8.100000000000000533e-01
2.985833187278255640e-01,8.870573870573870146e-01,1.929756555031053589e-01,9.499999999999999556e-01
2.940163235185765944e-01,8.901098901098900562e-01,3.421105397818610117e-01,8.699999999999999956e-01
2.981203698936363278e-01,8.724053724053724146e-01,2.905453742248937377e-01,8.900000000000000133e-01
2.886412146609840801e-01,8.962148962148962505e-01,2.864840000052936153e-01,8.800000000000000044e-01
2.937598211440042850e-01,8.852258852258851896e-01,3.722769076284020984e-01,8.599999999999999867e-01
3.066622404852410999e-01,8.815628815628815396e-01,3.076761751645244458e-01,8.499999999999999778e-01
2.955706417748206749e-01,8.907203907203907756e-01,3.822479936340823503e-01,8.800000000000000044e-01
2.924120541353811276e-01,8.888888888888888395e-01,3.325077235326170944e-01,8.599999999999999867e-01
2.962328971674044742e-01,8.797313797313797146e-01,3.533623289223760122e-01,8.499999999999999778e-01
3.010177675564119637e-01,8.785103785103784979e-01,3.363350902241654672e-01,8.800000000000000044e-01
3.221726050919947459e-01,8.687423687423687646e-01,3.087945750984363302e-01,8.800000000000000044e-01
3.010776993967547166e-01,8.864468864468864062e-01,3.071651169005781279e-01,8.699999999999999956e-01
3.020364285744635557e-01,8.864468864468864062e-01,3.334537057043053254e-01,9.000000000000000222e-01
3.202298871470076191e-01,8.638583638583638979e-01,4.316238274262286789e-01,8.000000000000000444e-01
3.100931108531215785e-01,8.785103785103784979e-01,2.300347998854704312e-01,9.300000000000000488e-01
2.925125154966808916e-01,8.876678876678876229e-01,2.333321073418483105e-01,9.300000000000000488e-01
2.905657763862402598e-01,8.876678876678876229e-01,3.778563473839312570e-01,8.599999999999999867e-01
2.931162110371776652e-01,8.913308913308913839e-01,3.930137677863240198e-01,8.299999999999999600e-01
2.899382805073081326e-01,8.894993894993894479e-01,3.110247687436640263e-01,9.000000000000000222e-01
2.957350073222489439e-01,8.913308913308913839e-01,3.539702655072323734e-01,8.499999999999999778e-01
3.023760893355977863e-01,8.894993894993894479e-01,4.636303886305540578e-01,8.000000000000000444e-01
2.940909657883202244e-01,8.907203907203907756e-01,4.564704916067421347e-01,8.000000000000000444e-01
2.996011140417439433e-01,8.870573870573870146e-01,3.151654190104454800e-01,8.900000000000000133e-01
2.873355133131473838e-01,8.864468864468864062e-01,2.789568520803004659e-01,8.800000000000000044e-01
2.833194168652970468e-01,8.894993894993894479e-01,2.689551990944892279e-01,9.200000000000000400e-01
2.805116822077723393e-01,8.937728937728938172e-01,3.542781745316460618e-01,8.499999999999999778e-01
2.895444530262515359e-01,8.913308913308913839e-01,2.339524138392880537e-01,9.200000000000000400e-01
2.787379708302563097e-01,8.937728937728938172e-01,2.036472723702900112e-01,9.200000000000000400e-01
2.950861807406557902e-01,8.724053724053724146e-01,3.521137083997018524e-01,8.699999999999999956e-01
2.821123690301181597e-01,8.949938949938950339e-01,3.720050110574811830e-01,8.199999999999999512e-01
2.800690478762390967e-01,8.956043956043956422e-01,3.193394907237961933e-01,8.800000000000000044e-01
3.388909082200209921e-01,8.553113553113552703e-01,3.398017856548540272e-01,9.000000000000000222e-01
2.848838448896321984e-01,8.968253968253968589e-01,2.840421803481876784e-01,8.800000000000000044e-01
3.209399350370725212e-01,8.608058608058608563e-01,3.174774748971685989e-01,8.900000000000000133e-01
2.942014044492990976e-01,8.901098901098900562e-01,3.420966737437993177e-01,8.399999999999999689e-01
2.930572464839260594e-01,8.913308913308913839e-01,3.847078555170446723e-01,8.599999999999999867e-01
2.901384969724066787e-01,8.907203907203907756e-01,2.338397381710820011e-01,9.200000000000000400e-01
2.844413357976737777e-01,8.882783882783882312e-01,2.540835627121850737e-01,9.000000000000000222e-01
2.880687054038566508e-01,8.882783882783882312e-01,2.816422806493937836e-01,8.699999999999999956e-01
2.927334384471905748e-01,8.754578754578754562e-01,2.844491708767600269e-01,9.100000000000000311e-01
2.866749654786140411e-01,8.913308913308913839e-01,2.324473057733848769e-01,9.000000000000000222e-01
2.854312938860912308e-01,8.962148962148962505e-01,3.706026427820324765e-01,8.499999999999999778e-01
2.874394517820624273e-01,8.901098901098900562e-01,3.053568756533786566e-01,8.399999999999999689e-01
2.867758500717252912e-01,8.968253968253968589e-01,3.485336346644908323e-01,8.900000000000000133e-01
2.876135222045238526e-01,8.992673992673992922e-01,3.166844254313037066e-01,8.699999999999999956e-01
3.034408031297581299e-01,8.937728937728938172e-01,4.064604475791566141e-01,8.499999999999999778e-01
3.295519210060464665e-01,8.809523809523809312e-01,3.568793106358498224e-01,8.900000000000000133e-01
2.901362735830402273e-01,8.894993894993894479e-01,3.144456248031929357e-01,9.100000000000000311e-01
2.905344651234182951e-01,8.894993894993894479e-01,3.597755571734160274e-01,8.599999999999999867e-01
2.890714121873289022e-01,8.894993894993894479e-01,3.301060835272073835e-01,8.800000000000000044e-01
3.234793097974780207e-01,8.656898656898657229e-01,2.508178561693057418e-01,9.100000000000000311e-01
2.867595992086316437e-01,8.931623931623932089e-01,3.139830051502212616e-01,8.900000000000000133e-01
2.843068204700755497e-01,8.956043956043956422e-01,2.932912625651806771e-01,8.699999999999999956e-01
2.786344602705185247e-01,8.956043956043956422e-01,2.764060580078512297e-01,8.900000000000000133e-01
2.870008005886833247e-01,8.937728937728938172e-01,3.118058446422219410e-01,9.000000000000000222e-01
2.924929196083229099e-01,8.901098901098900562e-01,3.110507603222504303e-01,8.900000000000000133e-01
2.925289318457891530e-01,8.870573870573870146e-01,3.316033565951511108e-01,9.100000000000000311e-01
2.870554147909085141e-01,8.901098901098900562e-01,2.804303594818338685e-01,8.800000000000000044e-01
2.839898696102165498e-01,8.919413919413919922e-01,3.794990610983222656e-01,8.399999999999999689e-01
2.896610582315605198e-01,8.919413919413919922e-01,3.272877341601997392e-01,8.800000000000000044e-01
2.800269487833602078e-01,8.937728937728938172e-01,3.252115716366097420e-01,9.100000000000000311e-01
2.823183990409995903e-01,8.894993894993894479e-01,3.056186209153384237e-01,8.699999999999999956e-01
2.831462028144116072e-01,8.894993894993894479e-01,2.915299671888351707e-01,8.599999999999999867e-01
2.788955683993932788e-01,8.968253968253968589e-01,2.751967546204104886e-01,8.699999999999999956e-01
2.789869467183146989e-01,8.956043956043956422e-01,3.005965144839137793e-01,8.900000000000000133e-01
2.850307488361412123e-01,8.956043956043956422e-01,3.998349120747298202e-01,8.399999999999999689e-01
2.892783863654175835e-01,8.852258852258851896e-01,2.808695607911795289e-01,9.000000000000000222e-01
2.862991912083493462e-01,8.937728937728938172e-01,3.283897769637406094e-01,8.699999999999999956e-01
2.908462825321088685e-01,8.974358974358974672e-01,4.413107776921242342e-01,8.000000000000000444e-01
2.782002408739738808e-01,8.949938949938950339e-01,2.194791468419134695e-01,9.200000000000000400e-01
2.789127074730137767e-01,8.956043956043956422e-01,3.548116162233054816e-01,8.599999999999999867e-01
2.942862344248463602e-01,8.986568986568986839e-01,3.735909239808097304e-01,8.599999999999999867e-01
2.822250066261388080e-01,8.974358974358974672e-01,3.061412536725401923e-01,8.499999999999999778e-01
2.906741767289328648e-01,8.864468864468864062e-01,3.747025075741112210e-01,8.299999999999999600e-01
2.800718563664545413e-01,9.004884004884005089e-01,1.893525924719870190e-01,9.599999999999999645e-01
2.785484374430308163e-01,8.968253968253968589e-01,2.920614204974845141e-01,8.900000000000000133e-01
2.977685611228821361e-01,8.827838827838827562e-01,3.178567655710503592e-01,8.900000000000000133e-01
2.894294118936263649e-01,8.852258852258851896e-01,3.266767137637361929e-01,8.699999999999999956e-01
2.829684693006950802e-01,8.949938949938950339e-01,3.721771610341966241e-01,8.499999999999999778e-01
2.845882614983543668e-01,8.913308913308913839e-01,3.230548678943887531e-01,8.199999999999999512e-01
2.989010880877501775e-01,8.827838827838827562e-01,2.098011701367795412e-01,9.200000000000000400e-01
2.888843705650232518e-01,8.821733821733821479e-01,2.834212984377518230e-01,9.100000000000000311e-01
3.312905517614859185e-01,8.717948717948718063e-01,3.263029772089794389e-01,8.800000000000000044e-01
2.825540488123011174e-01,8.919413919413919922e-01,3.034085147734731369e-01,8.800000000000000044e-01
2.911702598028921840e-01,8.919413919413919922e-01,3.332900993805378853e-01,8.800000000000000044e-01
4.109268875778976926e-01,8.205128205128204844e-01,3.631653404142707320e-01,8.800000000000000044e-01
3.212045621825097563e-01,8.571428571428570953e-01,4.226234121574088953e-01,8.299999999999999600e-01
3.160035771457648801e-01,8.644688644688645063e-01,3.578620367310941242e-01,8.399999999999999689e-01
3.225206202692073587e-01,8.516483516483516203e-01,4.074876418989151761e-01,8.299999999999999600e-01
3.251036436982698286e-01,8.614163614163614646e-01,3.019469013623893305e-01,8.900000000000000133e-01
3.288496285551870124e-01,8.565323565323564869e-01,3.817723480239510470e-01,8.499999999999999778e-01
3.103610275060811885e-01,8.742368742368742396e-01,3.524934893893078014e-01,8.299999999999999600e-01
2.940658323264365714e-01,8.858363858363857979e-01,3.669337056297808930e-01,8.499999999999999778e-01
3.061208082408495290e-01,8.821733821733821479e-01,2.126190223731100615e-01,9.200000000000000400e-01
2.975903592698994626e-01,8.888888888888888395e-01,3.792910157330334209e-01,8.800000000000000044e-01
2.936312980717901144e-01,8.840048840048839729e-01,3.772607350442558349e-01,8.499999999999999778e-01
2.956051856827477398e-01,8.833943833943833646e-01,3.142959825973957733e-01,8.699999999999999956e-01
2.912269645536566531e-01,8.846153846153845812e-01,2.593758487794548540e-01,8.900000000000000133e-01
3.341489104361879403e-01,8.431013431013431036e-01,3.318725301558151930e-01,8.900000000000000133e-01
3.561497915369004619e-01,8.601953601953602480e-01,4.112480283668265013e-01,8.000000000000000444e-01
3.417538738740160120e-01,8.693528693528693729e-01,4.121858831401914447e-01,8.299999999999999600e-01
5.437441342356768015e-01,7.912087912087911734e-01,2.720614071097224862e-01,9.200000000000000400e-01
3.105486115532835045e-01,8.821733821733821479e-01,4.448781544715166292e-01,8.499999999999999778e-01
2.818757866831070880e-01,8.919413919413919922e-01,3.647949569392949232e-01,8.499999999999999778e-01
3.101857391553356491e-01,8.717948717948718063e-01,2.655252456711605369e-01,9.100000000000000311e-01
2.980070933426692825e-01,8.669108669108669396e-01,3.077673412952572352e-01,8.599999999999999867e-01
3.081123004576489244e-01,8.937728937728938172e-01,3.148970239423215522e-01,8.800000000000000044e-01
3.060971926357619610e-01,8.913308913308913839e-01,2.930421666428446592e-01,9.000000000000000222e-01
2.872816800919926750e-01,8.937728937728938172e-01,3.471156217134557798e-01,8.800000000000000044e-01
3.607164782691423821e-01,8.528693528693528370e-01,3.467927038832567810e-01,8.900000000000000133e-01
2.940425443791662707e-01,8.894993894993894479e-01,3.488036378286779038e-01,8.800000000000000044e-01
3.620402667374646999e-01,8.540903540903540536e-01,3.371912529994733898e-01,9.000000000000000222e-01
2.888435565005710304e-01,8.821733821733821479e-01,3.915559223340824291e-01,8.299999999999999600e-01
2.786778233904432245e-01,8.894993894993894479e-01,3.881998129561543553e-01,8.199999999999999512e-01
2.797320783024560553e-01,8.882783882783882312e-01,2.853904540790244693e-01,8.699999999999999956e-01
2.987991642571931061e-01,8.827838827838827562e-01,3.240974124800413692e-01,8.599999999999999867e-01
2.825869503413964701e-01,8.943833943833944256e-01,2.592403149651363314e-01,9.200000000000000400e-01
2.815799319272876966e-01,8.937728937728938172e-01,4.038272101152688420e-01,8.299999999999999600e-01
2.791607690149501830e-01,8.962148962148962505e-01,3.736855269502848409e-01,8.499999999999999778e-01
2.748779521331700670e-01,8.968253968253968589e-01,3.097677699895575731e-01,8.599999999999999867e-01
3.209621403912157334e-01,8.699633699633699813e-01,3.023222722113132477e-01,9.100000000000000311e-01
3.032631674447121006e-01,8.724053724053724146e-01,3.187412147317081890e-01,8.499999999999999778e-01
2.722446879682441367e-01,8.907203907203907756e-01,2.600335376802831999e-01,8.900000000000000133e-01
2.730524975718914282e-01,8.943833943833944256e-01,2.873994280816987157e-01,8.900000000000000133e-01
2.799775711049226623e-01,8.882783882783882312e-01,3.061685474030673704e-01,8.699999999999999956e-01
2.786700363743991327e-01,8.901098901098900562e-01,2.722375211678445539e-01,8.900000000000000133e-01
2.792056388283086776e-01,8.882783882783882312e-01,3.649073377018794417e-01,8.299999999999999600e-01
2.785320289860001020e-01,8.931623931623932089e-01,2.615195865812711684e-01,9.000000000000000222e-01
2.737096248965560363e-01,8.962148962148962505e-01,2.471703256026376028e-01,9.200000000000000400e-01
2.995938604128443594e-01,8.748473748473748479e-01,3.061782403511461026e-01,8.699999999999999956e-01
2.772946725010994595e-01,8.956043956043956422e-01,2.747298059938475534e-01,9.300000000000000488e-01
2.752491040172349024e-01,8.980463980463980755e-01,2.681539783603511529e-01,8.699999999999999956e-01
2.696619531240937451e-01,8.962148962148962505e-01,3.140881007909774869e-01,9.000000000000000222e-01
2.747843810328724490e-01,8.943833943833944256e-01,2.792476216377690612e-01,9.200000000000000400e-01
2.727104699462584159e-01,8.974358974358974672e-01,2.972675845632329339e-01,8.499999999999999778e-01
2.768825409235717294e-01,8.956043956043956422e-01,3.041351369768381385e-01,8.699999999999999956e-01
2.920079460869041688e-01,8.949938949938950339e-01,2.263577684410847668e-01,9.000000000000000222e-01
2.767446117671217842e-01,8.962148962148962505e-01,3.541293712542392114e-01,8.599999999999999867e-01
2.756205121614152542e-01,8.962148962148962505e-01,3.180730906466487928e-01,9.000000000000000222e-01
2.721824529953187355e-01,8.937728937728938172e-01,2.996958201285451762e-01,8.699999999999999956e-01
2.756762998249672747e-01,8.943833943833944256e-01,2.729487680224702006e-01,8.900000000000000133e-01
2.721227242134315882e-01,8.943833943833944256e-01,2.825823570624925174e-01,8.900000000000000133e-01
2.760988588775229458e-01,8.943833943833944256e-01,2.593000140436925172e-01,9.200000000000000400e-01
2.800049601089759643e-01,8.876678876678876229e-01,3.281852588802576243e-01,8.800000000000000044e-01
2.774195752816754901e-01,8.894993894993894479e-01,2.214222006499767248e-01,9.300000000000000488e-01
3.054438078587235483e-01,8.656898656898657229e-01,2.840556422155350313e-01,8.800000000000000044e-01
3.056906884247880818e-01,8.772893772893772812e-01,3.816114058601670078e-01,8.299999999999999600e-01
2.887968104963801741e-01,8.882783882783882312e-01,2.855837284331210202e-01,9.100000000000000311e-01
2.786420331574221421e-01,8.956043956043956422e-01,2.683825251087546548e-01,9.000000000000000222e-01
3.157761471672381748e-01,8.907203907203907756e-01,3.173234925605356582e-01,8.800000000000000044e-01
2.857954231780522880e-01,8.980463980463980755e-01,2.524270969652570584e-01,8.900000000000000133e-01
2.766829051176297738e-01,8.962148962148962505e-01,2.964202612068038700e-01,9.000000000000000222e-01
2.791378948950096195e-01,8.937728937728938172e-01,3.164550480921752840e-01,9.100000000000000311e-01
3.018846612975742971e-01,8.785103785103784979e-01,3.472555498569272481e-01,8.699999999999999956e-01
2.884497439229499194e-01,8.931623931623932089e-01,4.563690993306226962e-01,8.299999999999999600e-01
2.892339732878874692e-01,8.901098901098900562e-01,3.406618622038513622e-01,8.499999999999999778e-01
2.786777165291378089e-01,8.962148962148962505e-01,3.297281292080879167e-01,8.599999999999999867e-01
2.727097738613812328e-01,8.968253968253968589e-01,2.318419902364257656e-01,9.300000000000000488e-01
2.721045197906502566e-01,8.986568986568986839e-01,2.888093049323651740e-01,8.599999999999999867e-01
2.746526809069254060e-01,8.974358974358974672e-01,2.693684824684169365e-01,8.900000000000000133e-01
2.802135647324019430e-01,9.004884004884005089e-01,3.789162265346385783e-01,8.399999999999999689e-01
2.724415259000814715e-01,8.986568986568986839e-01,3.155885981861502043e-01,9.000000000000000222e-01
2.703877647148083541e-01,8.992673992673992922e-01,1.890386066329665382e-01,9.399999999999999467e-01
2.695099827341658205e-01,8.992673992673992922e-01,3.130627973331138736e-01,8.800000000000000044e-01
2.707898980154404556e-01,8.992673992673992922e-01,2.884724184940569147e-01,8.800000000000000044e-01
2.742738561410233977e-01,8.980463980463980755e-01,3.550695472862571700e-01,8.699999999999999956e-01
2.730919754335040528e-01,8.992673992673992922e-01,2.801460794056765957e-01,8.900000000000000133e-01
2.851909384624952692e-01,8.962148962148962505e-01,4.601010999688878722e-01,7.700000000000000178e-01
2.901489621651460182e-01,8.974358974358974672e-01,3.526621724665164881e-01,8.599999999999999867e-01
2.817861671884736574e-01,8.986568986568986839e-01,3.526827865233644888e-01,8.699999999999999956e-01
2.856080569511663669e-01,8.943833943833944256e-01,2.791154095157981074e-01,8.800000000000000044e-01
2.755829361324245164e-01,8.956043956043956422e-01,3.163657166576012703e-01,8.900000000000000133e-01
2.731504581393321418e-01,8.962148962148962505e-01,3.082760873658116907e-01,8.900000000000000133e-01
2.770179600019340160e-01,8.956043956043956422e-01,2.593780343001708122e-01,9.200000000000000400e-01
2.781752265790211065e-01,8.846153846153845812e-01,2.289517423626966641e-01,9.399999999999999467e-01
2.780012199881182755e-01,8.858363858363857979e-01,2.462877098692115296e-01,8.900000000000000133e-01
2.893203362491054698e-01,8.736263736263736313e-01,3.320712194952648022e-01,8.499999999999999778e-01
2.811723482184980694e-01,8.809523809523809312e-01,3.730552361556329077e-01,8.800000000000000044e-01
2.784757841695714164e-01,8.943833943833944256e-01,3.092615512595511817e-01,8.800000000000000044e-01
2.844641643271568765e-01,8.937728937728938172e-01,3.762919382238760768e-01,8.699999999999999956e-01
2.779657388414723540e-01,8.925518925518926006e-01,2.878278701053932354e-01,8.900000000000000133e-01
2.746087414706046004e-01,8.968253968253968589e-01,3.293883955164346733e-01,9.100000000000000311e-01
2.757928764324757975e-01,8.956043956043956422e-01,2.632474285084754340e-01,8.900000000000000133e-01
2.779241431656865324e-01,8.974358974358974672e-01,3.818400679808109932e-01,8.499999999999999778e-01
2.762237434413042925e-01,8.968253968253968589e-01,2.572973247151821852e-01,9.000000000000000222e-01
2.782633680075871085e-01,8.919413919413919922e-01,2.709731915360316656e-01,9.000000000000000222e-01
2.721912309502380056e-01,8.943833943833944256e-01,2.117998145194724124e-01,9.200000000000000400e-01
2.725374194439750819e-01,8.956043956043956422e-01,2.860567096085287475e-01,8.800000000000000044e-01
2.705246846433796981e-01,8.998778998778999005e-01,2.922662504715844989e-01,8.800000000000000044e-01
2.847666448011758056e-01,8.901098901098900562e-01,2.215507401758805006e-01,9.100000000000000311e-01
2.796404700310075042e-01,8.937728937728938172e-01,4.135759059572592378e-01,8.599999999999999867e-01
2.788026944457829837e-01,8.962148962148962505e-01,2.434811418317258391e-01,9.100000000000000311e-01
3.210167397036511883e-01,8.821733821733821479e-01,3.727771816961467088e-01,8.599999999999999867e-01
2.835313100993214763e-01,8.980463980463980755e-01,3.837833233946003064e-01,8.100000000000000533e-01
2.774309590828442640e-01,8.998778998778999005e-01,2.765960021829232396e-01,8.699999999999999956e-01
2.817792495648957507e-01,8.956043956043956422e-01,3.248568201018497414e-01,8.900000000000000133e-01
2.787754779058407295e-01,8.913308913308913839e-01,2.763030534982681141e-01,8.900000000000000133e-01
2.785455437294083736e-01,8.943833943833944256e-01,3.045425284840166391e-01,8.800000000000000044e-01
2.857119188210739402e-01,8.754578754578754562e-01,2.214012683741748422e-01,9.399999999999999467e-01
2.807485443489883270e-01,8.931623931623932089e-01,2.882066298043355346e-01,8.699999999999999956e-01
2.791397059649020074e-01,8.919413919413919922e-01,2.604661745298653686e-01,9.100000000000000311e-01
2.793085457534234539e-01,8.913308913308913839e-01,3.873192343581468022e-01,8.399999999999999689e-01
2.778670694434535182e-01,8.901098901098900562e-01,2.235090884449891790e-01,9.000000000000000222e-01
2.748871546549101486e-01,8.949938949938950339e-01,3.369624392641707988e-01,8.900000000000000133e-01
2.757662960984295086e-01,8.949938949938950339e-01,2.735725012468174233e-01,9.100000000000000311e-01
2.744273574191563037e-01,8.937728937728938172e-01,2.530065975850447901e-01,8.900000000000000133e-01
2.830941953840728220e-01,8.919413919413919922e-01,4.076743134809657776e-01,8.299999999999999600e-01
2.803381228988924279e-01,8.949938949938950339e-01,3.440243811486288772e-01,8.699999999999999956e-01
2.786182188451681307e-01,8.968253968253968589e-01,3.289410849567502848e-01,8.699999999999999956e-01
2.772330807536722008e-01,8.943833943833944256e-01,2.873600256908684925e-01,9.100000000000000311e-01
2.857958083171784347e-01,8.937728937728938172e-01,2.492343408195301924e-01,8.900000000000000133e-01
2.737735580722318041e-01,8.937728937728938172e-01,2.245211468450725167e-01,9.100000000000000311e-01
2.775494293076632979e-01,8.956043956043956422e-01,4.109052475285716599e-01,8.399999999999999689e-01
2.731616354009571146e-01,8.962148962148962505e-01,3.837820315407589056e-01,8.800000000000000044e-01
2.722604935482753619e-01,8.974358974358974672e-01,1.994158333912491865e-01,9.200000000000000400e-01
2.763189559788767347e-01,8.980463980463980755e-01,3.659658182389102787e-01,8.599999999999999867e-01
2.755440963416272981e-01,8.980463980463980755e-01,2.988646788615733629e-01,8.800000000000000044e-01
2.769692061714582598e-01,8.901098901098900562e-01,2.419736667652614415e-01,9.200000000000000400e-01
