2.106105387210845947e-01,5.966936945915222168e-01,6.516555878520011724e-01,6.600000262260437012e-01
7.620127499103546143e-02,7.118422389030456543e-01,6.287505053356290396e-01,6.800000071525573730e-01
1.701709777116775513e-01,6.277109384536743164e-01,6.306687517277896893e-01,6.999999880790710449e-01
1.006406620144844055e-01,7.354120612144470215e-01,6.180340967327356827e-01,6.499999761581420898e-01
8.140948414802551270e-02,7.417955398559570312e-01,5.765614799410104796e-01,6.899999976158142090e-01
3.286050632596015930e-02,7.701939344406127930e-01,4.410400700941681795e-01,7.400000095367431641e-01
1.978087052702903748e-02,7.827972769737243652e-01,4.491182485129684432e-01,8.299999833106994629e-01
1.471170689910650253e-02,7.594729661941528320e-01,4.682993894862010897e-01,7.500000000000000000e-01
2.249579690396785736e-02,7.770684957504272461e-01,5.030406234599650306e-01,8.100000023841857910e-01
1.863812096416950226e-02,7.125787734985351562e-01,5.128754789568483741e-01,7.400000095367431641e-01
5.208643525838851929e-02,7.505524158477783203e-01,4.820979716302826734e-01,8.100000023841857910e-01
4.205189645290374756e-02,7.643014788627624512e-01,4.623455319926142448e-01,8.000000119209289551e-01
6.213286891579627991e-02,7.516981959342956543e-01,5.732744478061795323e-01,7.599999904632568359e-01
3.837072104215621948e-02,7.639741301536560059e-01,4.136729564145207316e-01,8.199999928474426270e-01
4.471907764673233032e-02,7.768229842185974121e-01,5.174443475436418804e-01,7.799999713897705078e-01
3.093163110315799713e-02,7.782961130142211914e-01,4.614268678799271495e-01,7.599999904632568359e-01
3.710890188813209534e-02,7.766593098640441895e-01,5.769689266569912878e-01,6.999999880790710449e-01
3.818072378635406494e-02,7.672477364540100098e-01,4.790898605622351258e-01,7.699999809265136719e-01
5.299107357859611511e-02,7.705213427543640137e-01,5.937830621376634088e-01,7.099999785423278809e-01
6.602185219526290894e-02,7.125787734985351562e-01,4.941418128646909991e-01,8.000000119209289551e-01
4.396573603153228760e-01,6.500532031059265137e-01,7.212305802106857566e-01,5.699999928474426270e-01
4.422258138656616211e-01,6.482527256011962891e-01,6.763665939867496979e-01,6.200000047683715820e-01
3.062209188938140869e-01,6.790244579315185547e-01,7.106911194324493364e-01,5.500000119209289551e-01
3.438367843627929688e-01,7.015303969383239746e-01,6.131560853123665389e-01,6.999999880790710449e-01
4.028608798980712891e-01,7.088959813117980957e-01,5.936034804582596136e-01,7.300000190734863281e-01
3.997924029827117920e-01,7.118422389030456543e-01,6.090524958074092776e-01,7.099999785423278809e-01
3.331760168075561523e-01,7.162615656852722168e-01,5.951481935381889299e-01,7.300000190734863281e-01
3.439336419105529785e-01,7.161797285079956055e-01,6.570101656019687875e-01,6.800000071525573730e-01
3.579612970352172852e-01,7.166707515716552734e-01,6.366816748678684190e-01,6.700000166893005371e-01
4.137524366378784180e-01,7.169981002807617188e-01,6.976755693554878013e-01,6.100000143051147461e-01
3.315765857696533203e-01,7.162615656852722168e-01,6.285228806734085572e-01,7.099999785423278809e-01
3.580280542373657227e-01,7.176528573036193848e-01,6.605563130974769770e-01,6.700000166893005371e-01
2.884715199470520020e-01,7.174891829490661621e-01,5.522220493853091661e-01,7.699999809265136719e-01
2.746771574020385742e-01,7.192077636718750000e-01,5.802374398708343151e-01,7.500000000000000000e-01
3.254748582839965820e-01,7.232179641723632812e-01,6.108629402518271911e-01,6.899999976158142090e-01
2.684034407138824463e-01,7.301743030548095703e-01,5.750038780272006544e-01,7.500000000000000000e-01
2.629199624061584473e-01,7.342662811279296875e-01,5.742062458395957858e-01,7.500000000000000000e-01
4.347367286682128906e-01,7.380309104919433594e-01,6.166447550058364868e-01,6.800000071525573730e-01
2.202062159776687622e-01,7.368851900100708008e-01,5.708912754058838024e-01,7.599999904632568359e-01
2.954761981964111328e-01,7.371307015419006348e-01,6.192975769937038022e-01,7.099999785423278809e-01
2.824174761772155762e-01,7.428594827651977539e-01,5.320572999119758117e-01,7.900000214576721191e-01
2.725205421447753906e-01,7.394222021102905273e-01,5.390311764180659715e-01,7.699999809265136719e-01
2.400511205196380615e-01,7.507979273796081543e-01,5.693596978485584437e-01,7.500000000000000000e-01
2.048344463109970093e-01,6.322121024131774902e-01,5.705081973969936548e-01,6.899999976158142090e-01
1.488762646913528442e-01,6.287748813629150391e-01,5.064434602111578254e-01,7.799999713897705078e-01
1.556827723979949951e-01,7.251002788543701172e-01,6.107388094067573991e-01,6.999999880790710449e-01
1.500300616025924683e-01,7.797691822052001953e-01,5.160972908139228599e-01,7.500000000000000000e-01
1.104367017745971680e+00,6.790244579315185547e-01,5.910272576659917343e-01,7.099999785423278809e-01
2.472851127386093140e-01,7.479335665702819824e-01,5.275312176346779180e-01,8.100000023841857910e-01
1.699668318033218384e-01,7.679024338722229004e-01,5.320801044255495382e-01,7.900000214576721191e-01
1.044171601533889771e-01,7.749406695365905762e-01,5.169669403135777053e-01,8.000000119209289551e-01
6.611859798431396484e-02,7.630739212036132812e-01,4.340279521048068800e-01,8.299999833106994629e-01
1.261700838804244995e-01,7.827154397964477539e-01,5.728649322316050618e-01,7.099999785423278809e-01
7.304412871599197388e-02,7.872166037559509277e-01,5.073237628117204245e-01,7.699999809265136719e-01
3.270868584513664246e-02,7.935183048248291016e-01,4.354405460692942209e-01,8.500000238418579102e-01
6.408327817916870117e-02,7.428594827651977539e-01,4.968162686377763926e-01,8.000000119209289551e-01
9.804037213325500488e-02,7.454783320426940918e-01,5.541556395590305772e-01,7.400000095367431641e-01
7.374410331249237061e-02,7.494884729385375977e-01,4.638484117016196118e-01,8.100000023841857910e-01
8.463075011968612671e-02,7.476061582565307617e-01,6.522564438730478198e-01,6.800000071525573730e-01
5.809497460722923279e-02,7.330387234687805176e-01,4.938484124839305767e-01,7.500000000000000000e-01
3.757664561271667480e-02,7.718307375907897949e-01,4.149640440568327926e-01,8.000000119209289551e-01
3.679974749684333801e-02,7.921270132064819336e-01,4.800922833383083344e-01,7.699999809265136719e-01
2.959187515079975128e-02,7.949914336204528809e-01,4.805527442693710571e-01,8.100000023841857910e-01
2.687551453709602356e-02,7.939274907112121582e-01,4.336548859067261286e-01,8.100000023841857910e-01
2.832645550370216370e-02,8.025206923484802246e-01,5.563426549918949471e-01,7.300000190734863281e-01
3.107320517301559448e-02,7.967100143432617188e-01,4.733395471982657643e-01,7.799999713897705078e-01
3.196344524621963501e-02,8.052213788032531738e-01,4.473207844048738280e-01,8.199999928474426270e-01
3.394230455160140991e-02,7.969555854797363281e-01,5.094999334681779013e-01,7.699999809265136719e-01
3.505988046526908875e-02,8.028480410575866699e-01,4.991408311389386454e-01,7.799999713897705078e-01
2.590976096689701080e-02,8.066945075988769531e-01,3.755721192713826762e-01,8.500000238418579102e-01
2.686145901679992676e-01,6.614289283752441406e-01,7.106801793910563214e-01,6.899999976158142090e-01
1.221956834197044373e-01,8.002291321754455566e-01,5.207181103527546151e-01,7.599999904632568359e-01
8.412149548530578613e-02,8.080039024353027344e-01,5.073204302787780451e-01,7.599999904632568359e-01
7.695765793323516846e-02,8.079220652580261230e-01,4.162276688963174598e-01,8.500000238418579102e-01
8.226636052131652832e-02,8.126688003540039062e-01,5.070229130238295134e-01,7.900000214576721191e-01
6.379521638154983521e-02,8.107864856719970703e-01,5.365025841817260277e-01,7.500000000000000000e-01
5.111460760235786438e-02,8.138964176177978516e-01,4.889516500383615516e-01,7.699999809265136719e-01
3.844895586371421814e-02,8.127506375312805176e-01,3.846754515729844393e-01,8.600000143051147461e-01
3.538338094949722290e-02,8.093951940536499023e-01,4.780384571291506068e-01,7.799999713897705078e-01
2.914458140730857849e-02,8.109501600265502930e-01,4.466876166779548130e-01,7.799999713897705078e-01
2.820743992924690247e-02,8.042392730712890625e-01,4.203269708249717795e-01,8.299999833106994629e-01
2.813291735947132111e-02,8.156149983406066895e-01,4.216288833506405265e-01,8.199999928474426270e-01
2.812943980097770691e-02,8.088223338127136230e-01,4.302778150513767996e-01,8.399999737739562988e-01
2.071437798440456390e-02,8.145511150360107422e-01,3.558427280280739291e-01,8.700000047683715820e-01
2.584064193069934845e-02,8.082494735717773438e-01,5.722545396815985619e-01,7.200000286102294922e-01
5.538094788789749146e-02,8.133234977722167969e-01,5.483541197702288539e-01,8.100000023841857910e-01
3.985194116830825806e-02,8.107046484947204590e-01,4.526029982604086177e-01,8.000000119209289551e-01
3.377324715256690979e-02,8.136508464813232422e-01,4.435927678830921539e-01,8.299999833106994629e-01
3.265515342354774475e-02,8.029298782348632812e-01,4.432916646823287232e-01,8.399999737739562988e-01
3.385564684867858887e-02,8.102954626083374023e-01,4.949170952476560914e-01,7.799999713897705078e-01
2.756645902991294861e-02,8.052213788032531738e-01,4.623291361983865588e-01,7.799999713897705078e-01
3.101565316319465637e-02,8.099680542945861816e-01,4.586206343770027338e-01,8.199999928474426270e-01
2.456069551408290863e-02,7.394222021102905273e-01,4.652573581505566880e-01,8.100000023841857910e-01
2.348162047564983368e-02,7.460512518882751465e-01,5.411040612123906302e-01,7.500000000000000000e-01
2.453207969665527344e-02,7.913904786109924316e-01,5.307091039326041759e-01,7.400000095367431641e-01
1.909890957176685333e-02,7.894263267517089844e-01,4.344808656908571987e-01,8.199999928474426270e-01
2.219818159937858582e-02,7.706850171089172363e-01,5.633321594260632947e-01,7.200000286102294922e-01
5.897755920886993408e-02,7.972010970115661621e-01,5.414095315523446139e-01,7.900000214576721191e-01
3.436545655131340027e-02,8.070218563079833984e-01,4.280524224508553965e-01,8.500000238418579102e-01
3.362513706088066101e-02,8.098862171173095703e-01,4.799653601087630062e-01,7.699999809265136719e-01
3.570723533630371094e-02,8.084131479263305664e-01,4.928483488969505055e-01,8.199999928474426270e-01
4.878342151641845703e-02,8.120141029357910156e-01,5.720707999076694028e-01,7.300000190734863281e-01
6.243966892361640930e-02,8.156968951225280762e-01,5.220514630340039597e-01,7.599999904632568359e-01
5.644925683736801147e-02,8.156149983406066895e-01,4.783076657727360903e-01,8.100000023841857910e-01
6.697674095630645752e-02,6.542270183563232422e-01,5.106499354541301772e-01,7.900000214576721191e-01
4.404876828193664551e-01,6.444880962371826172e-01,7.073453810811042297e-01,5.500000119209289551e-01
1.744478046894073486e-01,7.064408063888549805e-01,5.568311870098113792e-01,7.400000095367431641e-01
1.384984403848648071e-01,8.032572269439697266e-01,4.897335962951183119e-01,7.699999809265136719e-01
6.122716143727302551e-02,8.058760762214660645e-01,4.658538181334733741e-01,8.100000023841857910e-01
7.563101500272750854e-02,7.958916425704956055e-01,3.922713484987616628e-01,8.700000047683715820e-01
8.897086232900619507e-02,8.086586594581604004e-01,5.125216288864612446e-01,8.000000119209289551e-01
6.610632687807083130e-02,7.101235985755920410e-01,4.569203658401966295e-01,8.199999928474426270e-01
4.683954268693923950e-02,8.121777772903442383e-01,4.140205534175038227e-01,8.100000023841857910e-01
6.670512259006500244e-02,7.592274546623229980e-01,4.904358360730111666e-01,7.900000214576721191e-01
9.117496013641357422e-02,6.753416657447814941e-01,6.320772539451717797e-01,6.700000166893005371e-01
5.492868274450302124e-02,8.125051259994506836e-01,5.341162080690264879e-01,7.599999904632568359e-01
4.975819587707519531e-02,8.133234977722167969e-01,3.539462427049875348e-01,8.999999761581420898e-01
3.376702219247817993e-02,8.173336386680603027e-01,4.084774442762136304e-01,8.299999833106994629e-01
5.114779621362686157e-02,8.093951940536499023e-01,5.413829974085092589e-01,7.799999713897705078e-01
6.417115777730941772e-02,8.036664128303527832e-01,5.006902706064283448e-01,7.500000000000000000e-01
6.533074378967285156e-02,8.104591369628906250e-01,4.352009285986423448e-01,8.600000143051147461e-01
4.788973927497863770e-02,8.237171769142150879e-01,3.947113405540585429e-01,8.399999737739562988e-01
3.821239247918128967e-02,8.204435706138610840e-01,3.953431019186973705e-01,8.399999737739562988e-01
3.485728055238723755e-02,8.249447345733642578e-01,4.201484305784106144e-01,8.299999833106994629e-01
2.993357740342617035e-02,7.985104918479919434e-01,4.245820490643382183e-01,8.000000119209289551e-01
3.713715821504592896e-02,7.841885685920715332e-01,5.093925494700670686e-01,7.699999809265136719e-01
4.485654830932617188e-02,8.098043799400329590e-01,4.752477500401437460e-01,8.100000023841857910e-01
4.361419007182121277e-02,8.134053349494934082e-01,4.613834231719374790e-01,7.900000214576721191e-01
6.319388002157211304e-02,8.160242438316345215e-01,5.121614918485284385e-01,7.799999713897705078e-01
5.126060172915458679e-02,8.117685317993164062e-01,4.129178629256785027e-01,8.399999737739562988e-01
4.156977683305740356e-02,8.186430931091308594e-01,3.828092990070581236e-01,8.700000047683715820e-01
5.061417445540428162e-02,8.194614648818969727e-01,4.074325590394437535e-01,8.500000238418579102e-01
4.552071541547775269e-02,8.120141029357910156e-01,3.941732531413436047e-01,8.399999737739562988e-01
4.118752852082252502e-02,8.194614648818969727e-01,3.932197764888406000e-01,8.600000143051147461e-01
4.359912499785423279e-02,8.076765537261962891e-01,4.940343548171222121e-01,7.699999809265136719e-01
4.057976976037025452e-02,8.224895596504211426e-01,4.853064302168786370e-01,7.500000000000000000e-01
4.483659937977790833e-02,8.090678453445434570e-01,3.886738612130284376e-01,8.399999737739562988e-01
4.272478446364402771e-02,8.128324747085571289e-01,4.490003024041652746e-01,8.000000119209289551e-01
4.883609712123870850e-02,8.146329522132873535e-01,4.370291708223521532e-01,8.100000023841857910e-01
4.823785647749900818e-02,8.174154758453369141e-01,3.899435075558722041e-01,8.600000143051147461e-01
5.334521830081939697e-02,8.121777772903442383e-01,4.397523745335638612e-01,8.399999737739562988e-01
4.980594664812088013e-02,7.377035617828369141e-01,3.789024882204830580e-01,8.500000238418579102e-01
6.711118668317794800e-02,8.201162219047546387e-01,5.178516325354576288e-01,7.699999809265136719e-01
4.984246566891670227e-02,8.289549350738525391e-01,4.259443643316626615e-01,8.299999833106994629e-01
3.487949818372726440e-02,8.206890821456909180e-01,3.897955882828682550e-01,8.100000023841857910e-01
4.229886829853057861e-02,8.228169083595275879e-01,4.691781171597540490e-01,8.199999928474426270e-01
3.389667347073554993e-02,8.252721428871154785e-01,4.516048093512654571e-01,7.799999713897705078e-01
5.287235602736473083e-02,7.958916425704956055e-01,4.543932527024299173e-01,7.599999904632568359e-01
5.032753199338912964e-02,8.134053349494934082e-01,4.697923305816948392e-01,8.399999737739562988e-01
4.393151029944419861e-02,7.652017474174499512e-01,5.341008353419601784e-01,6.899999976158142090e-01
3.920990228652954102e-02,8.236353397369384766e-01,5.617618625052273051e-01,6.899999976158142090e-01
6.134119257330894470e-02,8.059579133987426758e-01,5.177799012325704497e-01,7.500000000000000000e-01
4.722134396433830261e-02,8.126688003540039062e-01,4.506140698865055971e-01,7.799999713897705078e-01
4.065096750855445862e-02,8.159424066543579102e-01,3.830295562930405295e-01,8.199999928474426270e-01
3.122700564563274384e-02,8.144692778587341309e-01,5.178366491384803760e-01,7.900000214576721191e-01
2.412231639027595520e-02,8.135690093040466309e-01,3.379351819213479713e-01,8.999999761581420898e-01
3.443272039294242859e-02,8.156968951225280762e-01,4.715415048878640047e-01,8.399999737739562988e-01
2.425810880959033966e-02,8.149603009223937988e-01,3.571338955219834910e-01,8.500000238418579102e-01
2.420121058821678162e-02,8.151239752769470215e-01,4.948901922907680273e-01,7.699999809265136719e-01
3.212715312838554382e-02,8.134871721267700195e-01,5.111449500359595000e-01,8.000000119209289551e-01
2.625597454607486725e-02,8.170062899589538574e-01,4.050368307530879952e-01,8.500000238418579102e-01
4.458740353584289551e-02,7.263278365135192871e-01,6.267030944861471387e-01,6.999999880790710449e-01
9.378761053085327148e-02,8.074310421943664551e-01,5.365978930890560328e-01,7.400000095367431641e-01
5.166743323206901550e-02,8.057942390441894531e-01,4.177251612022518934e-01,8.500000238418579102e-01
3.543849661946296692e-02,8.116048574447631836e-01,3.616089515760541051e-01,8.700000047683715820e-01
3.563545644283294678e-02,8.197888731956481934e-01,5.401300288736819999e-01,7.599999904632568359e-01
2.878407761454582214e-02,8.141419291496276855e-01,4.176241351105272614e-01,8.299999833106994629e-01
2.775906212627887726e-02,8.041574358940124512e-01,4.766247749514878063e-01,7.699999809265136719e-01
2.914249710738658905e-02,8.019477725028991699e-01,4.577767180558294235e-01,8.199999928474426270e-01
3.186876326799392700e-02,8.122596144676208496e-01,4.263148563541471758e-01,8.199999928474426270e-01
2.737741358578205109e-02,8.247810602188110352e-01,4.118834430724382378e-01,8.199999928474426270e-01
2.229599654674530029e-02,8.283001780509948730e-01,4.545577409770339972e-01,8.000000119209289551e-01
2.886909060180187225e-02,8.182339072227478027e-01,5.242630935739726050e-01,7.599999904632568359e-01
2.808771468698978424e-02,8.210164308547973633e-01,4.714215527009218976e-01,7.799999713897705078e-01
4.135922715067863464e-02,8.176610469818115234e-01,5.008522973768413378e-01,7.699999809265136719e-01
8.336217701435089111e-02,8.164334297180175781e-01,6.053500192612409903e-01,7.599999904632568359e-01
6.725876778364181519e-02,8.160242438316345215e-01,5.725840257108211206e-01,6.899999976158142090e-01
1.051950007677078247e-01,8.201980590820312500e-01,5.946193188056350110e-01,7.200000286102294922e-01
6.235477328300476074e-02,8.208527565002441406e-01,3.997983262687921369e-01,8.500000238418579102e-01
4.921157658100128174e-02,8.238808512687683105e-01,4.758196536451578251e-01,7.599999904632568359e-01
4.776064306497573853e-02,8.273999691009521484e-01,4.027234056033194287e-01,8.299999833106994629e-01
8.740373700857162476e-02,8.267452120780944824e-01,5.592669759318232847e-01,7.500000000000000000e-01
8.352415263652801514e-02,8.132416605949401855e-01,4.772038961946964419e-01,8.299999833106994629e-01
5.829359591007232666e-02,8.236353397369384766e-01,3.821355949155986198e-01,8.799999952316284180e-01
5.162815004587173462e-02,8.237171769142150879e-01,4.148420618660748072e-01,8.399999737739562988e-01
4.714993014931678772e-02,8.267452120780944824e-01,4.133905444853007705e-01,8.600000143051147461e-01
5.558653548359870911e-02,8.174154758453369141e-01,4.598371990583837166e-01,8.000000119209289551e-01
5.055320262908935547e-02,8.256813287734985352e-01,4.708824261464178429e-01,8.000000119209289551e-01
4.827874898910522461e-02,8.283820152282714844e-01,4.687286156229674705e-01,7.799999713897705078e-01
4.140360653400421143e-02,8.199525475502014160e-01,4.183207329362630955e-01,8.399999737739562988e-01
3.925219923257827759e-02,8.258450031280517578e-01,4.944621434435248486e-01,7.400000095367431641e-01
3.558081388473510742e-02,8.225713968276977539e-01,3.218566181324422626e-01,8.899999856948852539e-01
3.506770730018615723e-02,8.283820152282714844e-01,4.137771418504416765e-01,8.199999928474426270e-01
2.945564687252044678e-02,8.219985365867614746e-01,3.525216549541801414e-01,8.799999952316284180e-01
2.791777998208999634e-02,8.287093639373779297e-01,3.953477376326918757e-01,8.399999737739562988e-01
3.114854916930198669e-02,8.302643299102783203e-01,4.393105829879641600e-01,8.299999833106994629e-01
4.240684956312179565e-02,8.347655534744262695e-01,5.346322664432228144e-01,7.699999809265136719e-01
3.961261361837387085e-02,8.284638524055480957e-01,4.904653412103652799e-01,7.300000190734863281e-01
3.517382591962814331e-02,8.228169083595275879e-01,4.678235197253525213e-01,7.900000214576721191e-01
7.006160914897918701e-02,8.260086774826049805e-01,4.518720127828419475e-01,8.399999737739562988e-01
5.210295692086219788e-02,8.305098414421081543e-01,3.675471225380897433e-01,8.299999833106994629e-01
4.882860556244850159e-02,8.158605694770812988e-01,4.223164626955985823e-01,8.199999928474426270e-01
3.931340202689170837e-02,8.119322657585144043e-01,3.298005896620452293e-01,8.799999952316284180e-01
3.068669140338897705e-02,8.186430931091308594e-01,3.379847177863121166e-01,8.600000143051147461e-01
3.230733796954154968e-02,8.171699643135070801e-01,4.526972765475511529e-01,8.299999833106994629e-01
3.159887343645095825e-02,8.177428841590881348e-01,4.088239507749676926e-01,8.399999737739562988e-01
4.362035170197486877e-02,8.233079910278320312e-01,4.810858436301350682e-01,8.000000119209289551e-01
4.723931103944778442e-02,8.075947165489196777e-01,4.662831589579582436e-01,8.100000023841857910e-01
4.364055022597312927e-02,8.120141029357910156e-01,4.885561673901975266e-01,7.500000000000000000e-01
3.420833870768547058e-02,8.215893507003784180e-01,3.206249290332198187e-01,9.200000166893005371e-01
3.366133198142051697e-02,8.225713968276977539e-01,4.890026063844561399e-01,8.000000119209289551e-01
6.395401805639266968e-02,8.226532340049743652e-01,5.968389034457505238e-01,7.099999785423278809e-01
4.773211479187011719e-02,8.245355486869812012e-01,3.964631209149956925e-01,8.500000238418579102e-01
5.954582616686820984e-02,8.317374587059020996e-01,5.325546661764383183e-01,7.500000000000000000e-01
5.771696567535400391e-02,8.114411830902099609e-01,5.662499709054827912e-01,7.300000190734863281e-01
7.437940686941146851e-02,8.275636434555053711e-01,5.615616749972105470e-01,7.400000095367431641e-01
6.612730026245117188e-02,8.299369812011718750e-01,4.656559779495000884e-01,7.799999713897705078e-01
7.506716996431350708e-02,8.253539800643920898e-01,4.789192626625299321e-01,8.100000023841857910e-01
5.174769461154937744e-02,8.265815377235412598e-01,4.223892653919756324e-01,7.900000214576721191e-01
4.828874766826629639e-02,7.972010970115661621e-01,4.073117130436003097e-01,8.299999833106994629e-01
5.620496720075607300e-02,8.238808512687683105e-01,4.507221892103552841e-01,8.000000119209289551e-01
4.509804025292396545e-02,8.246173858642578125e-01,4.097471064142882979e-01,8.399999737739562988e-01
4.943057894706726074e-02,8.323103189468383789e-01,4.561550467088818506e-01,8.100000023841857910e-01
7.291868329048156738e-02,8.361567854881286621e-01,5.108561715483665999e-01,7.900000214576721191e-01
5.900149792432785034e-02,8.319829702377319336e-01,4.250402490980922932e-01,8.299999833106994629e-01
6.150598824024200439e-02,8.257631659507751465e-01,4.567927361652255325e-01,8.399999737739562988e-01
4.570089653134346008e-02,8.228169083595275879e-01,3.507729806005954742e-01,8.399999737739562988e-01
3.776962682604789734e-02,8.194614648818969727e-01,4.112978616915643482e-01,8.100000023841857910e-01
4.012339562177658081e-02,8.234716653823852539e-01,5.120754131209105386e-01,7.900000214576721191e-01
4.840255528688430786e-02,8.228169083595275879e-01,5.195591438189148814e-01,7.699999809265136719e-01
5.006416514515876770e-02,8.261723518371582031e-01,4.722383686155080529e-01,8.299999833106994629e-01
4.456950351595878601e-02,8.242900371551513672e-01,3.473884186893701487e-01,8.899999856948852539e-01
3.202325105667114258e-02,8.250265717506408691e-01,3.856200169399380817e-01,8.500000238418579102e-01
2.517989091575145721e-02,8.259268403053283691e-01,3.896963983308524004e-01,8.399999737739562988e-01
3.706858307123184204e-02,8.263360261917114258e-01,4.839214016497135340e-01,8.399999737739562988e-01
4.399596899747848511e-02,8.260905146598815918e-01,4.901705861371010720e-01,8.199999928474426270e-01
3.538936376571655273e-02,8.249447345733642578e-01,4.560234673693775997e-01,8.100000023841857910e-01
5.187061801552772522e-02,8.262541890144348145e-01,5.337111529149115574e-01,7.400000095367431641e-01
4.990631714463233948e-02,8.301824927330017090e-01,4.392743179202079906e-01,8.100000023841857910e-01
5.256883054971694946e-02,8.284638524055480957e-01,4.264106841851025842e-01,8.399999737739562988e-01
6.105727329850196838e-02,8.276454806327819824e-01,5.057682251557708009e-01,8.199999928474426270e-01
3.770006075501441956e-02,8.287912011146545410e-01,3.960561074316501506e-01,8.299999833106994629e-01
4.366908222436904907e-02,8.228987455368041992e-01,4.311305857822299026e-01,8.500000238418579102e-01
3.591058403253555298e-02,8.428676724433898926e-01,4.352260181680321915e-01,8.199999928474426270e-01
4.162249341607093811e-02,8.264178633689880371e-01,4.462939078733325071e-01,8.100000023841857910e-01
3.350824862718582153e-02,8.310827612876892090e-01,3.570104533340782149e-01,8.600000143051147461e-01
2.648888342082500458e-02,8.186430931091308594e-01,3.978610281273722848e-01,8.199999928474426270e-01
3.653164580464363098e-02,8.279728293418884277e-01,5.331651398167014388e-01,7.500000000000000000e-01
2.742334455251693726e-02,8.260086774826049805e-01,4.185867382586002106e-01,8.399999737739562988e-01
2.731883712112903595e-02,8.255176544189453125e-01,3.947802704572677679e-01,8.500000238418579102e-01
2.104033343493938446e-02,8.314919471740722656e-01,3.211432498693466142e-01,8.799999952316284180e-01
2.147644758224487305e-02,8.242900371551513672e-01,3.774481242708861983e-01,8.399999737739562988e-01
3.480800613760948181e-02,8.346018791198730469e-01,4.897581274621188863e-01,7.699999809265136719e-01
3.522377461194992065e-02,8.230624198913574219e-01,3.803888982161879317e-01,8.799999952316284180e-01
2.586062252521514893e-02,8.178247213363647461e-01,2.934192848950624710e-01,9.100000262260437012e-01
2.462606318295001984e-02,8.391030430793762207e-01,4.675379296764731185e-01,7.799999713897705078e-01
2.099632658064365387e-02,8.360749483108520508e-01,3.820680548530072107e-01,8.399999737739562988e-01
1.700323633849620819e-02,8.372207283973693848e-01,4.277301049511879616e-01,7.900000214576721191e-01
1.514248829334974289e-02,8.507242798805236816e-01,3.738068090798333243e-01,8.199999928474426270e-01
1.725717633962631226e-02,8.493329882621765137e-01,3.528037262754514791e-01,8.799999952316284180e-01
2.008306235074996948e-02,8.453228473663330078e-01,3.689852532371878380e-01,8.600000143051147461e-01
2.763580530881881714e-02,8.535068631172180176e-01,3.898175111133605486e-01,8.600000143051147461e-01
2.308738417923450470e-02,8.237990140914916992e-01,2.759805517643690309e-01,8.799999952316284180e-01
2.049565315246582031e-02,8.375480771064758301e-01,5.151574938278645766e-01,7.799999713897705078e-01
4.191358387470245361e-02,8.517882227897644043e-01,4.676823493465780968e-01,8.299999833106994629e-01
6.712991744279861450e-02,8.458957076072692871e-01,4.534093066304922259e-01,8.100000023841857910e-01
6.167636439204216003e-02,8.377935886383056641e-01,4.415847972780466146e-01,7.900000214576721191e-01
5.086357146501541138e-02,8.454865217208862305e-01,5.263006851263344332e-01,7.500000000000000000e-01
5.148288980126380920e-02,8.440133929252624512e-01,4.824135457351803602e-01,7.799999713897705078e-01
3.992215916514396667e-02,8.465504646301269531e-01,3.232843098416924299e-01,8.899999856948852539e-01
2.653462253510951996e-02,8.498240709304809570e-01,3.102559202536940841e-01,8.500000238418579102e-01
2.729818783700466156e-02,8.337016105651855469e-01,3.734893481526523895e-01,8.399999737739562988e-01
2.612579427659511566e-02,8.488419651985168457e-01,4.158875636663287856e-01,8.199999928474426270e-01
1.993349753320217133e-02,8.292822837829589844e-01,3.098101161047816521e-01,9.100000262260437012e-01
2.086079120635986328e-02,8.422948122024536133e-01,4.867134398221969471e-01,8.100000023841857910e-01
2.461501397192478180e-02,8.452410101890563965e-01,4.121394782979041493e-01,8.299999833106994629e-01
1.848330721259117126e-02,8.161879181861877441e-01,2.243765608454123262e-01,9.200000166893005371e-01
1.388909015804529190e-02,8.390212059020996094e-01,3.390662346640601621e-01,8.500000238418579102e-01
1.558505557477474213e-02,8.415582180023193359e-01,3.807157159317284822e-01,8.600000143051147461e-01
1.835328340530395508e-02,8.384483456611633301e-01,4.418312009610235735e-01,8.000000119209289551e-01
1.738125085830688477e-02,8.346018791198730469e-01,3.891064075333997563e-01,8.000000119209289551e-01
2.068833820521831512e-02,8.465504646301269531e-01,3.806448673317208709e-01,8.399999737739562988e-01
5.019614100456237793e-02,8.493329882621765137e-01,4.716515820845961771e-01,8.100000023841857910e-01
2.543083205819129944e-02,8.283820152282714844e-01,3.595338345319032403e-01,8.600000143051147461e-01
1.588358916342258453e-02,8.446681499481201172e-01,2.552347616665065488e-01,9.200000166893005371e-01
1.732770912349224091e-02,8.470414876937866211e-01,3.494335526553913884e-01,8.600000143051147461e-01
1.435759477317333221e-02,7.903265357017517090e-01,2.730042179720476025e-01,8.899999856948852539e-01
2.077497728168964386e-02,8.192977905273437500e-01,4.155019706813618541e-01,8.399999737739562988e-01
1.990065909922122955e-02,8.323921561241149902e-01,4.213717427523806514e-01,7.900000214576721191e-01
2.024557255208492279e-02,8.073492050170898438e-01,3.281953627057373479e-01,8.899999856948852539e-01
2.579673007130622864e-02,8.073492050170898438e-01,4.363332311436534106e-01,8.000000119209289551e-01
3.638888895511627197e-02,8.438497185707092285e-01,4.248945534415543013e-01,8.299999833106994629e-01
5.424284562468528748e-02,8.393485546112060547e-01,3.898878893814980984e-01,8.000000119209289551e-01
3.562360629439353943e-02,8.442589640617370605e-01,3.250808641128242193e-01,8.700000047683715820e-01
2.680994570255279541e-02,8.476961851119995117e-01,3.092638403456657858e-01,8.799999952316284180e-01
4.757310450077056885e-02,8.498240709304809570e-01,4.726574183627962888e-01,7.900000214576721191e-01
7.405289262533187866e-02,8.453228473663330078e-01,5.407868722081183854e-01,7.699999809265136719e-01
6.308151781558990479e-02,8.522792458534240723e-01,3.742957323789596336e-01,8.500000238418579102e-01
4.595767334103584290e-02,8.524429202079772949e-01,3.121158193424344307e-01,8.899999856948852539e-01
8.929559588432312012e-02,8.447499871253967285e-01,5.109678475372493311e-01,7.900000214576721191e-01
9.757488965988159180e-02,8.464686274528503418e-01,4.157451388612389831e-01,8.199999928474426270e-01
7.135869562625885010e-02,8.346018791198730469e-01,3.455337733030319214e-01,8.700000047683715820e-01
6.908729672431945801e-02,8.467141389846801758e-01,4.400003459304571152e-01,8.600000143051147461e-01
6.566714495420455933e-02,8.482691049575805664e-01,4.042737173475325352e-01,8.399999737739562988e-01
4.714367538690567017e-02,8.487601280212402344e-01,4.420305065438151493e-01,8.000000119209289551e-01
3.646865859627723694e-02,8.455683588981628418e-01,5.046786897443235054e-01,7.699999809265136719e-01
4.246489331126213074e-02,8.542433977127075195e-01,4.490300555340945854e-01,8.199999928474426270e-01
4.399984702467918396e-02,8.485964536666870117e-01,4.128866473399102621e-01,8.399999737739562988e-01
3.011045604944229126e-02,8.490056395530700684e-01,2.637272987514734379e-01,9.200000166893005371e-01
2.427707426249980927e-02,8.518700599670410156e-01,3.026324935257435067e-01,8.600000143051147461e-01
2.442238479852676392e-02,8.459776043891906738e-01,4.481944429501891203e-01,8.199999928474426270e-01
2.298242226243019104e-02,8.497422337532043457e-01,3.938519582524895868e-01,8.399999737739562988e-01
2.440039627254009247e-02,8.458957076072692871e-01,3.791057391837239221e-01,8.299999833106994629e-01
2.117129229009151459e-02,8.378754258155822754e-01,3.705515219364315382e-01,8.199999928474426270e-01
1.994471438229084015e-02,7.770684957504272461e-01,4.289007322303950986e-01,8.700000047683715820e-01
2.047661505639553070e-02,7.805876135826110840e-01,4.814866668544709460e-01,8.000000119209289551e-01
2.324917353689670563e-02,7.729765176773071289e-01,4.598921134881674977e-01,8.199999928474426270e-01
2.437608316540718079e-02,7.769048213958740234e-01,4.514983062259853019e-01,8.199999928474426270e-01
2.802106551826000214e-02,7.832064628601074219e-01,5.368630381766706927e-01,7.300000190734863281e-01
3.053685277700424194e-02,8.129143118858337402e-01,4.905691729765385145e-01,7.900000214576721191e-01
3.746308758854866028e-02,8.228169083595275879e-01,4.320945958048105218e-01,8.500000238418579102e-01
3.835465759038925171e-02,8.262541890144348145e-01,4.830747337825596066e-01,7.900000214576721191e-01
3.505826741456985474e-02,8.441771268844604492e-01,4.278018083237111746e-01,8.100000023841857910e-01
3.438146784901618958e-02,8.454046845436096191e-01,4.249284101277590042e-01,8.100000023841857910e-01
3.405499458312988281e-02,8.463867902755737305e-01,3.587766255997121290e-01,8.899999856948852539e-01
4.149910435080528259e-02,8.447499871253967285e-01,4.100950234755873502e-01,8.299999833106994629e-01
3.932096809148788452e-02,8.450773358345031738e-01,4.338912137411534697e-01,8.000000119209289551e-01
4.270845279097557068e-02,8.313282728195190430e-01,4.834680064395069921e-01,7.699999809265136719e-01
4.305974766612052917e-02,8.344381451606750488e-01,3.750555143691599591e-01,8.399999737739562988e-01
4.182590171694755554e-02,8.319011330604553223e-01,4.219670156948268636e-01,8.500000238418579102e-01
5.121733620762825012e-02,8.218348622322082520e-01,4.915848928317427813e-01,8.000000119209289551e-01
4.202709347009658813e-02,8.239626884460449219e-01,4.579806623607873828e-01,7.900000214576721191e-01
4.515307769179344177e-02,8.255176544189453125e-01,4.994655843079089941e-01,7.900000214576721191e-01
5.164796113967895508e-02,8.267452120780944824e-01,4.405368079990148455e-01,8.399999737739562988e-01
6.664200872182846069e-02,8.134871721267700195e-01,3.945820209383964494e-01,8.600000143051147461e-01
5.137860402464866638e-02,8.045666813850402832e-01,3.848739155009389123e-01,8.600000143051147461e-01
4.387481138110160828e-02,8.090678453445434570e-01,4.471079984679818264e-01,8.100000023841857910e-01
5.010260269045829773e-02,8.100499510765075684e-01,4.451730521023273268e-01,8.399999737739562988e-01
4.951714351773262024e-02,8.102954626083374023e-01,4.580968653038144378e-01,8.100000023841857910e-01
4.202149435877799988e-02,8.117685317993164062e-01,4.796061512082815392e-01,7.699999809265136719e-01
3.707570582628250122e-02,8.130779862403869629e-01,4.382242689281701797e-01,8.100000023841857910e-01
3.796314448118209839e-02,8.129143118858337402e-01,5.261486431770027172e-01,7.400000095367431641e-01
3.492796421051025391e-02,8.141419291496276855e-01,4.439851139485835874e-01,8.000000119209289551e-01
2.763104997575283051e-02,8.143056035041809082e-01,3.864680118486285010e-01,8.799999952316284180e-01
2.259474992752075195e-02,8.138964176177978516e-01,2.960111131891608460e-01,9.300000071525573730e-01
2.896440215408802032e-02,8.165971040725708008e-01,5.436283065006136672e-01,7.599999904632568359e-01
3.129089996218681335e-02,8.165152668952941895e-01,4.718543845135718673e-01,7.500000000000000000e-01
2.618943527340888977e-02,8.165971040725708008e-01,3.904842163156718171e-01,8.399999737739562988e-01
2.841834351420402527e-02,8.132416605949401855e-01,4.010596857126802472e-01,8.299999833106994629e-01
4.232389479875564575e-02,8.132416605949401855e-01,5.136924195475875976e-01,7.799999713897705078e-01
3.029586374759674072e-02,8.131598234176635742e-01,3.763835574500262737e-01,8.500000238418579102e-01
3.030777536332607269e-02,8.133234977722167969e-01,3.632963866833597288e-01,8.600000143051147461e-01
2.723763510584831238e-02,8.160242438316345215e-01,4.895620624069124682e-01,7.799999713897705078e-01
2.303519658744335175e-02,8.147966265678405762e-01,3.703597237635403716e-01,8.199999928474426270e-01
1.908651180565357208e-02,8.169244527816772461e-01,3.620763313025235908e-01,8.399999737739562988e-01
1.668944396078586578e-02,8.179883956909179688e-01,2.904806902632117160e-01,8.799999952316284180e-01
2.027652971446514130e-02,8.206072449684143066e-01,4.529502430045977412e-01,7.699999809265136719e-01
4.926264286041259766e-02,8.232260942459106445e-01,4.782766355853527718e-01,8.000000119209289551e-01
8.331491053104400635e-02,8.215075135231018066e-01,5.702016900479793815e-01,7.400000095367431641e-01
4.256988689303398132e-02,8.208527565002441406e-01,3.253621223196387358e-01,8.799999952316284180e-01
4.576091095805168152e-02,8.230624198913574219e-01,4.819848133996129103e-01,7.599999904632568359e-01
9.980975091457366943e-02,8.231442570686340332e-01,5.586795322783291162e-01,7.599999904632568359e-01
9.324803203344345093e-02,8.228169083595275879e-01,4.760104037076234862e-01,8.000000119209289551e-01
9.587812423706054688e-02,8.273999691009521484e-01,4.920557256788015144e-01,7.699999809265136719e-01
6.557303667068481445e-02,8.245355486869812012e-01,4.531360282748937429e-01,7.799999713897705078e-01
5.160007253289222717e-02,8.248628973960876465e-01,3.764996462315320924e-01,8.500000238418579102e-01
4.063299670815467834e-02,8.243718743324279785e-01,4.032240286469459534e-01,8.399999737739562988e-01
4.199920222163200378e-02,8.146329522132873535e-01,3.479833188280463396e-01,8.700000047683715820e-01
3.564557805657386780e-02,8.280546665191650391e-01,4.947180037572980194e-01,7.699999809265136719e-01
4.520127549767494202e-02,8.281365036964416504e-01,4.421279223822057181e-01,8.000000119209289551e-01
4.229886829853057861e-02,8.287912011146545410e-01,4.345409748703241148e-01,8.100000023841857910e-01
4.560329392552375793e-02,8.296914696693420410e-01,3.833910220675170177e-01,8.799999952316284180e-01
4.152826592326164246e-02,8.291186094284057617e-01,4.145970110781490581e-01,8.299999833106994629e-01
5.297140032052993774e-02,8.310009241104125977e-01,4.520001134648918839e-01,8.399999737739562988e-01
4.749387130141258240e-02,8.342744708061218262e-01,5.056224580481648578e-01,7.799999713897705078e-01
4.720133170485496521e-02,8.346837162971496582e-01,4.281379900127649241e-01,8.500000238418579102e-01
3.431085869669914246e-02,8.364022970199584961e-01,4.216099437326192856e-01,7.900000214576721191e-01
3.510649502277374268e-02,8.304280042648315430e-01,4.574406037665903479e-01,7.699999809265136719e-01
2.964325807988643646e-02,8.334560990333557129e-01,4.975653748027980550e-01,7.599999904632568359e-01
2.270406298339366913e-02,8.346837162971496582e-01,4.104932724125683330e-01,8.000000119209289551e-01
3.157808259129524231e-02,8.440133929252624512e-01,4.815863432921469456e-01,7.599999904632568359e-01
8.116056025028228760e-02,8.467959761619567871e-01,4.567018949426710495e-01,8.199999928474426270e-01
8.212877810001373291e-02,8.473688364028930664e-01,5.133578527346253084e-01,7.900000214576721191e-01
3.433908149600028992e-02,8.433586955070495605e-01,4.850923910550772877e-01,7.599999904632568359e-01
3.505205363035202026e-02,8.427858352661132812e-01,3.676337848324328639e-01,8.500000238418579102e-01
3.580178320407867432e-02,8.470414876937866211e-01,4.136415073089301786e-01,8.500000238418579102e-01
2.754013426601886749e-02,8.434405326843261719e-01,3.264339866302907733e-01,8.799999952316284180e-01
4.632501304149627686e-02,8.410671949386596680e-01,5.030510426126419965e-01,7.799999713897705078e-01
5.244949832558631897e-02,8.464686274528503418e-01,4.049793994799256169e-01,8.399999737739562988e-01
4.709477350115776062e-02,8.470414876937866211e-01,3.601707869768142611e-01,8.399999737739562988e-01
5.593063309788703918e-02,8.418855667114257812e-01,4.919795981235802196e-01,7.799999713897705078e-01
5.509893968701362610e-02,8.435223698616027832e-01,3.721837830543517911e-01,8.500000238418579102e-01
4.433095827698707581e-02,8.438497185707092285e-01,3.790013146959245183e-01,8.100000023841857910e-01
4.145232588052749634e-02,8.478599190711975098e-01,3.718655121885239834e-01,8.199999928474426270e-01
3.367055207490921021e-02,8.427039980888366699e-01,3.130028050020337016e-01,8.600000143051147461e-01
4.427177086472511292e-02,8.445863127708435059e-01,3.196308166347444080e-01,8.700000047683715820e-01
3.379157185554504395e-02,8.504787683486938477e-01,4.124415918812155968e-01,8.500000238418579102e-01
2.886851131916046143e-02,8.505606055259704590e-01,4.274014023691415920e-01,7.900000214576721191e-01
2.687075734138488770e-02,8.520337343215942383e-01,4.663523810170591144e-01,8.000000119209289551e-01
3.746768087148666382e-02,8.538342118263244629e-01,4.110952434781938725e-01,8.500000238418579102e-01
7.624170184135437012e-02,8.536705374717712402e-01,4.532085063494741828e-01,8.399999737739562988e-01
6.286246329545974731e-02,8.484327793121337891e-01,2.967262185364961669e-01,8.899999856948852539e-01
4.276898875832557678e-02,8.440133929252624512e-01,3.036629331484437255e-01,8.799999952316284180e-01
5.675397440791130066e-02,8.308372497558593750e-01,4.197372678294777892e-01,8.399999737739562988e-01
4.904099553823471069e-02,8.419674038887023926e-01,3.455109969154000482e-01,8.600000143051147461e-01
6.134545058012008667e-02,8.535068631172180176e-01,4.408075316809118016e-01,8.199999928474426270e-01
4.254658147692680359e-02,8.544889092445373535e-01,3.148718678764999002e-01,8.700000047683715820e-01
6.839907914400100708e-02,8.534249663352966309e-01,2.912430998962372564e-01,8.899999856948852539e-01
4.186591506004333496e-02,8.554710149765014648e-01,3.499784336052835232e-01,8.500000238418579102e-01
8.283724635839462280e-02,8.227350711822509766e-01,4.595477148145437063e-01,8.000000119209289551e-01
4.401786997914314270e-02,8.494966626167297363e-01,2.754842566512525348e-01,8.700000047683715820e-01
2.836979366838932037e-02,8.469596505165100098e-01,3.887381721008569269e-01,8.299999833106994629e-01
4.608939215540885925e-02,8.499877452850341797e-01,3.422679679933935404e-01,8.500000238418579102e-01
8.467411994934082031e-02,8.431950211524963379e-01,4.300494568981230170e-01,8.100000023841857910e-01
4.196193814277648926e-02,8.445044755935668945e-01,3.152344459574669688e-01,8.799999952316284180e-01
3.794214129447937012e-02,8.283820152282714844e-01,2.999894874868914707e-01,8.700000047683715820e-01
1.338424384593963623e-01,8.494966626167297363e-01,5.131192435603588731e-01,7.699999809265136719e-01
7.615300267934799194e-02,8.489238023757934570e-01,4.044727025832980938e-01,8.399999737739562988e-01
5.017176643013954163e-02,8.503150939941406250e-01,4.084335498139262111e-01,8.500000238418579102e-01
4.917923361063003540e-02,8.462231159210205078e-01,4.326809241995215327e-01,7.799999713897705078e-01
4.012728855013847351e-02,8.490874767303466797e-01,2.902798562869429722e-01,8.999999761581420898e-01
6.483647972345352173e-02,8.519518971443176270e-01,4.628293715044856094e-01,7.799999713897705078e-01
3.987954929471015930e-02,8.343563079833984375e-01,4.287785756587982333e-01,8.399999737739562988e-01
3.182049840688705444e-02,8.204435706138610840e-01,4.308843092247843787e-01,7.900000214576721191e-01
2.344785258173942566e-02,8.436860442161560059e-01,4.294848407153040171e-01,7.799999713897705078e-01
3.100328706204891205e-02,8.402487635612487793e-01,4.511021210905164502e-01,8.100000023841857910e-01
3.254495933651924133e-02,8.431950211524963379e-01,4.097198655642568799e-01,7.900000214576721191e-01
3.117281384766101837e-02,8.412308692932128906e-01,4.098423464689403550e-01,8.000000119209289551e-01
3.272910788655281067e-02,8.467141389846801758e-01,4.082940611941739961e-01,8.100000023841857910e-01
2.782665751874446869e-02,8.419674038887023926e-01,3.934159617219120109e-01,8.399999737739562988e-01
2.759556658565998077e-02,8.456501960754394531e-01,4.359663522895425580e-01,8.299999833106994629e-01
7.730286568403244019e-02,8.425403237342834473e-01,3.989398797834292076e-01,8.399999737739562988e-01
6.119240075349807739e-02,8.426221609115600586e-01,3.842782289721071720e-01,8.399999737739562988e-01
5.798012390732765198e-02,8.502332568168640137e-01,3.432491718744858922e-01,8.600000143051147461e-01
1.267109960317611694e-01,8.386938571929931641e-01,3.870260636555030720e-01,8.399999737739562988e-01
7.734744250774383545e-02,8.046485185623168945e-01,3.932905649580061280e-01,8.199999928474426270e-01
9.313768893480300903e-02,8.172518014907836914e-01,4.191427846020087666e-01,7.900000214576721191e-01
6.398800760507583618e-02,8.293641209602355957e-01,4.242543271929025694e-01,7.900000214576721191e-01
4.474643617868423462e-02,8.420492410659790039e-01,3.758890841621905787e-01,8.500000238418579102e-01
3.623116388916969299e-02,8.487601280212402344e-01,2.935408591618761664e-01,8.799999952316284180e-01
2.949627488851547241e-02,8.500695824623107910e-01,4.456127556413412294e-01,8.199999928474426270e-01
3.030719794332981110e-02,8.267452120780944824e-01,4.591586191114038207e-01,7.799999713897705078e-01
3.668828681111335754e-02,8.359112739562988281e-01,4.415752085857093112e-01,7.900000214576721191e-01
3.168411180377006531e-02,8.470414876937866211e-01,3.770192813780158803e-01,8.399999737739562988e-01
2.808400616049766541e-02,8.352565765380859375e-01,3.737542971689253868e-01,8.000000119209289551e-01
2.065412513911724091e-02,8.476961851119995117e-01,3.389982942864298576e-01,8.600000143051147461e-01
1.967170462012290955e-02,8.530976176261901855e-01,3.606824994925409422e-01,8.500000238418579102e-01
1.735067181289196014e-02,8.410671949386596680e-01,3.795209397329017409e-01,8.299999833106994629e-01
2.482690848410129547e-02,8.524429202079772949e-01,4.260547027643770135e-01,7.799999713897705078e-01
2.573341317474842072e-02,8.521155714988708496e-01,3.718146334728226199e-01,8.899999856948852539e-01
2.464676648378372192e-02,8.448318243026733398e-01,4.555503750080242553e-01,7.699999809265136719e-01
2.366430312395095825e-02,8.449136614799499512e-01,3.892112083826214097e-01,8.299999833106994629e-01
2.789100073277950287e-02,8.540797233581542969e-01,3.652854165295139066e-01,8.700000047683715820e-01
2.973479405045509338e-02,8.481054306030273438e-01,3.375842024013400167e-01,8.399999737739562988e-01
3.524920716881752014e-02,8.504787683486938477e-01,4.438016155641525962e-01,7.799999713897705078e-01
2.941501885652542114e-02,8.542433977127075195e-01,2.780818807240575397e-01,8.999999761581420898e-01
2.494318783283233643e-02,8.545707464218139648e-01,3.179421417461708033e-01,8.600000143051147461e-01
1.975702866911888123e-02,8.499059081077575684e-01,2.375890945456922143e-01,8.899999856948852539e-01
3.200512379407882690e-02,8.551436066627502441e-01,5.497518247505649436e-01,7.699999809265136719e-01
3.679974749684333801e-02,8.551436066627502441e-01,4.531120744720101290e-01,7.799999713897705078e-01
5.794525146484375000e-02,8.445863127708435059e-01,3.543778781918808796e-01,8.600000143051147461e-01
4.717051237821578979e-02,8.554710149765014648e-01,3.798774385172873913e-01,8.199999928474426270e-01
1.679863482713699341e-01,8.464686274528503418e-01,4.390243413206189604e-01,8.100000023841857910e-01
6.586627662181854248e-02,8.555528521537780762e-01,4.221785156801343142e-01,8.299999833106994629e-01
4.352151975035667419e-02,8.586627244949340820e-01,3.365426857210696010e-01,8.100000023841857910e-01
3.118772059679031372e-02,8.560438752174377441e-01,2.918775607831776142e-01,8.600000143051147461e-01
2.751624397933483124e-02,8.562075495719909668e-01,3.460299776587635323e-01,8.500000238418579102e-01
5.509363859891891479e-02,8.561257123947143555e-01,2.970037051429972319e-01,8.999999761581420898e-01
4.804972559213638306e-02,8.563712239265441895e-01,3.448580797854811086e-01,8.999999761581420898e-01
2.676385939121246338e-01,8.332105875015258789e-01,4.247696967236697652e-01,8.100000023841857910e-01
7.394462823867797852e-02,8.586627244949340820e-01,4.323079827893525628e-01,7.799999713897705078e-01
4.993183165788650513e-02,8.583353757858276367e-01,3.531974301114678139e-01,8.700000047683715820e-01
2.007701694965362549e-01,8.584172129631042480e-01,3.524187543708831027e-01,8.600000143051147461e-01
7.484663277864456177e-02,8.580898642539978027e-01,4.220913956314325532e-01,8.799999952316284180e-01
9.046988189220428467e-02,8.576806783676147461e-01,4.029840219672769508e-01,8.299999833106994629e-01
5.968127399682998657e-02,8.581717014312744141e-01,3.408825911954045385e-01,8.799999952316284180e-01
5.169856548309326172e-02,8.559620380401611328e-01,3.921618533600121914e-01,8.199999928474426270e-01
3.597613424062728882e-02,8.585808873176574707e-01,2.544325140770524740e-01,9.300000071525573730e-01
5.063706263899803162e-02,8.553891777992248535e-01,3.493744253600016281e-01,8.799999952316284180e-01
2.405947446823120117e-02,8.497422337532043457e-01,2.598503660038113394e-01,8.899999856948852539e-01
2.087631821632385254e-02,8.454865217208862305e-01,3.680582994362339155e-01,8.199999928474426270e-01
1.710941269993782043e-02,8.484327793121337891e-01,2.385827187355607781e-01,9.300000071525573730e-01
2.095266804099082947e-02,8.442589640617370605e-01,3.374668759154155762e-01,8.399999737739562988e-01
2.230963669717311859e-02,8.487601280212402344e-01,3.188312277570367059e-01,8.700000047683715820e-01
1.465367618948221207e-02,8.533431291580200195e-01,3.198377898405306285e-01,8.799999952316284180e-01
1.437968667596578598e-02,8.561257123947143555e-01,3.035620937822386400e-01,8.799999952316284180e-01
1.504103373736143112e-02,8.574351668357849121e-01,3.300102793145924807e-01,8.600000143051147461e-01
6.833194941282272339e-02,8.526065945625305176e-01,3.978191622532903926e-01,8.299999833106994629e-01
7.699011266231536865e-02,8.181520700454711914e-01,4.120689076464623124e-01,8.100000023841857910e-01
7.868580520153045654e-02,8.367297053337097168e-01,4.197966691665351302e-01,8.299999833106994629e-01
6.816626340150833130e-02,8.573533296585083008e-01,3.100193625688552612e-01,8.799999952316284180e-01
9.951658546924591064e-02,8.513789772987365723e-01,2.734237404866143861e-01,8.700000047683715820e-01
1.276668608188629150e-01,8.410671949386596680e-01,4.543299837503582128e-01,8.000000119209289551e-01
8.396794646978378296e-02,8.528521060943603516e-01,3.823220009263604835e-01,8.600000143051147461e-01
8.547096699476242065e-02,8.544070720672607422e-01,4.283691228460520528e-01,7.799999713897705078e-01
5.449506640434265137e-02,8.514608144760131836e-01,3.342196742724627412e-01,9.100000262260437012e-01
6.939986348152160645e-02,8.492511510848999023e-01,4.372723067272454300e-01,7.900000214576721191e-01
6.594261527061462402e-02,8.554710149765014648e-01,3.176005116477608747e-01,8.799999952316284180e-01
6.011455506086349487e-02,8.449954986572265625e-01,3.428654709458351380e-01,8.399999737739562988e-01
5.952033028006553650e-02,8.452410101890563965e-01,3.896111442008987069e-01,8.399999737739562988e-01
8.622748404741287231e-02,8.483509421348571777e-01,3.233627414843067704e-01,8.500000238418579102e-01
1.219510063529014587e-01,8.473688364028930664e-01,3.546003977674990759e-01,8.299999833106994629e-01
9.005979448556900024e-02,8.493329882621765137e-01,3.158278709277510532e-01,8.799999952316284180e-01
9.523856639862060547e-02,8.540797233581542969e-01,4.787779323104768836e-01,7.799999713897705078e-01
7.646656781435012817e-02,8.541615605354309082e-01,4.361826360411942272e-01,8.299999833106994629e-01
9.736358374357223511e-02,8.490874767303466797e-01,3.588225718541070974e-01,8.500000238418579102e-01
7.741143554449081421e-02,8.521974086761474609e-01,2.898708290047943836e-01,8.899999856948852539e-01
4.892998188734054565e-02,8.571077585220336914e-01,3.617630614782683662e-01,8.399999737739562988e-01
3.453453257679939270e-02,8.489238023757934570e-01,3.426711679343134032e-01,8.799999952316284180e-01
3.165038675069808960e-02,8.435223698616027832e-01,3.483902209647931070e-01,8.500000238418579102e-01
5.796977505087852478e-02,8.541615605354309082e-01,4.455610863026231439e-01,7.599999904632568359e-01
3.764059394598007202e-02,8.595629930496215820e-01,3.943140256078913608e-01,8.500000238418579102e-01
3.216224536299705505e-02,8.578443527221679688e-01,3.984871348273009151e-01,8.199999928474426270e-01
3.708696365356445312e-02,8.478599190711975098e-01,4.335547770280390734e-01,8.000000119209289551e-01
2.474690042436122894e-02,8.593993186950683594e-01,2.457841795170679633e-01,9.100000262260437012e-01
7.682707160711288452e-02,8.449136614799499512e-01,4.284962559770792989e-01,8.500000238418579102e-01
1.031492650508880615e-01,8.525247573852539062e-01,4.807157088723033600e-01,7.900000214576721191e-01
8.429890871047973633e-02,8.542433977127075195e-01,3.645710928086191571e-01,8.399999737739562988e-01
6.149466708302497864e-02,8.560438752174377441e-01,3.606602159887552506e-01,8.399999737739562988e-01
5.812196806073188782e-02,8.491693139076232910e-01,2.168256978830322701e-01,9.300000071525573730e-01
5.528755486011505127e-02,8.549799323081970215e-01,3.603453221637755721e-01,8.399999737739562988e-01
6.670556962490081787e-02,8.553891777992248535e-01,3.051543350890278949e-01,8.799999952316284180e-01
6.142325699329376221e-02,8.570259213447570801e-01,3.916605101712047898e-01,8.199999928474426270e-01
5.507141351699829102e-02,8.562893867492675781e-01,2.326964508974924684e-01,8.999999761581420898e-01
9.605129808187484741e-02,8.504787683486938477e-01,4.062694148113951131e-01,8.700000047683715820e-01
1.217671707272529602e-01,8.458957076072692871e-01,4.181028339639306091e-01,8.399999737739562988e-01
1.478956192731857300e-01,8.436042070388793945e-01,3.873904052004217835e-01,8.299999833106994629e-01
9.891390055418014526e-02,8.526884317398071289e-01,3.730352433444932281e-01,8.399999737739562988e-01
8.595886081457138062e-02,8.555528521537780762e-01,3.952303934842348321e-01,8.399999737739562988e-01
8.275187015533447266e-02,8.475325107574462891e-01,4.426005647424608447e-01,7.900000214576721191e-01
7.997275888919830322e-02,8.485964536666870117e-01,3.891785709653049485e-01,8.500000238418579102e-01
6.289795041084289551e-02,8.558802008628845215e-01,3.782463946007192379e-01,8.199999928474426270e-01
1.151733472943305969e-01,8.588263988494873047e-01,4.210563201550394097e-01,8.000000119209289551e-01
1.114952340722084045e-01,8.528521060943603516e-01,2.842431721556931690e-01,8.999999761581420898e-01
9.337149560451507568e-02,8.536705374717712402e-01,4.405396985448896685e-01,8.199999928474426270e-01
8.609405905008316040e-02,8.555528521537780762e-01,4.046421809401363201e-01,8.299999833106994629e-01
1.061790511012077332e-01,8.553072810173034668e-01,2.763509692810475760e-01,9.100000262260437012e-01
1.103939712047576904e-01,8.586627244949340820e-01,3.370303514180704729e-01,8.600000143051147461e-01
1.338898837566375732e-01,8.504787683486938477e-01,3.660418606968596777e-01,8.299999833106994629e-01
9.612926840782165527e-02,8.612816333770751953e-01,3.080664252210408294e-01,8.799999952316284180e-01
8.855994790792465210e-02,8.624273538589477539e-01,3.612371544353664143e-01,8.000000119209289551e-01
6.719211488962173462e-02,8.621000051498413086e-01,2.362927958276122842e-01,8.799999952316284180e-01
6.492540985345840454e-02,8.596448302268981934e-01,2.976244764588773517e-01,8.899999856948852539e-01
6.129937246441841125e-02,8.619363307952880859e-01,2.496462605800479628e-01,9.200000166893005371e-01
6.143749505281448364e-02,8.566167354583740234e-01,3.362764941691420706e-01,8.899999856948852539e-01
6.058333441615104675e-02,8.577625155448913574e-01,4.326536210207268529e-01,8.399999737739562988e-01
8.477992564439773560e-02,8.634912967681884766e-01,3.455781158991158009e-01,8.700000047683715820e-01
6.360651552677154541e-02,8.328832387924194336e-01,2.754767794208601295e-01,8.999999761581420898e-01
4.367136210203170776e-02,8.612816333770751953e-01,3.661868210649117938e-01,8.799999952316284180e-01
4.017309471964836121e-02,8.584172129631042480e-01,2.733268205542117579e-01,9.200000166893005371e-01
3.887559846043586731e-02,8.624273538589477539e-01,2.957262376043945373e-01,8.999999761581420898e-01
3.133064508438110352e-02,8.503969311714172363e-01,3.225040061539038994e-01,8.899999856948852539e-01
5.168803781270980835e-02,8.564530611038208008e-01,4.561430118512362353e-01,8.299999833106994629e-01
5.121178925037384033e-02,8.619363307952880859e-01,3.295343491667881430e-01,8.600000143051147461e-01
4.448341950774192810e-02,8.622636795043945312e-01,3.261841740738600226e-01,8.600000143051147461e-01
4.434053972363471985e-02,8.599721789360046387e-01,3.169320552982389794e-01,8.799999952316284180e-01
3.853705152869224548e-02,8.613634705543518066e-01,3.253622395405545986e-01,8.399999737739562988e-01
3.721916675567626953e-02,8.603813648223876953e-01,3.081941577442921520e-01,8.600000143051147461e-01
8.374235033988952637e-02,8.562075495719909668e-01,4.306832279125228369e-01,8.299999833106994629e-01
6.899439543485641479e-02,8.577625155448913574e-01,3.500484212813899099e-01,8.399999737739562988e-01
5.112593621015548706e-02,8.587445616722106934e-01,2.817334706662222854e-01,8.600000143051147461e-01
3.720940649509429932e-02,8.506424427032470703e-01,2.803399650938808718e-01,8.700000047683715820e-01
4.206858575344085693e-02,8.627547025680541992e-01,2.855306526971980730e-01,8.700000047683715820e-01
4.905926808714866638e-02,8.609542250633239746e-01,3.275425149453803919e-01,8.700000047683715820e-01
4.926797747611999512e-02,8.526065945625305176e-01,4.206003272766247192e-01,8.299999833106994629e-01
4.140063002705574036e-02,8.545707464218139648e-01,3.079281762707978265e-01,8.899999856948852539e-01
3.200650960206985474e-02,8.266633749008178711e-01,3.123995489976368889e-01,8.899999856948852539e-01
3.072368353605270386e-02,8.337016105651855469e-01,3.432591821730602288e-01,8.700000047683715820e-01
5.910690501332283020e-02,8.647188544273376465e-01,3.612538580107502728e-01,8.700000047683715820e-01
5.661475285887718201e-02,8.622636795043945312e-01,3.646679360675625370e-01,8.700000047683715820e-01
4.805631563067436218e-02,8.341107964515686035e-01,3.464299829071387782e-01,8.600000143051147461e-01
5.433859303593635559e-02,8.533431291580200195e-01,3.310641630971804528e-01,8.399999737739562988e-01
5.338352918624877930e-02,8.536705374717712402e-01,3.465552090806886532e-01,8.399999737739562988e-01
5.389782786369323730e-02,8.416400551795959473e-01,2.871428151614964230e-01,8.600000143051147461e-01
4.334973543882369995e-02,8.564530611038208008e-01,3.457302077393978879e-01,8.799999952316284180e-01
4.163701459765434265e-02,8.517882227897644043e-01,3.264783175522461556e-01,8.799999952316284180e-01
3.700184077024459839e-02,8.574351668357849121e-01,2.487925853813067190e-01,8.999999761581420898e-01
4.575430601835250854e-02,8.582535386085510254e-01,4.396133066993206939e-01,8.199999928474426270e-01
8.400565385818481445e-02,8.580080270767211914e-01,3.843072774331085517e-01,8.199999928474426270e-01
5.973012372851371765e-02,8.571077585220336914e-01,3.946178461052477493e-01,8.100000023841857910e-01
9.953989088535308838e-02,8.593174815177917480e-01,3.487836958165280721e-01,8.600000143051147461e-01
1.227943077683448792e-01,8.552254438400268555e-01,3.705326764262281136e-01,8.399999737739562988e-01
7.026853412389755249e-02,8.532612919807434082e-01,2.691347031109034837e-01,9.100000262260437012e-01
7.780633866786956787e-02,8.596448302268981934e-01,3.844518537702970029e-01,8.299999833106994629e-01
7.295015454292297363e-02,8.609542250633239746e-01,4.151721179205924428e-01,8.500000238418579102e-01
1.078343614935874939e-01,8.557983636856079102e-01,2.860947068547829986e-01,8.799999952316284180e-01
1.309076696634292603e-01,8.517882227897644043e-01,3.601607863744720750e-01,8.199999928474426270e-01
1.040708795189857483e-01,8.532612919807434082e-01,3.955339753860607765e-01,8.199999928474426270e-01
6.692411750555038452e-02,8.630002737045288086e-01,3.819846583623439096e-01,8.399999737739562988e-01
6.398666650056838989e-02,8.632457852363586426e-01,4.440878159622661525e-01,7.699999809265136719e-01
4.763039201498031616e-02,8.616908192634582520e-01,2.990260543301701546e-01,8.799999952316284180e-01
3.495087102055549622e-02,8.635731339454650879e-01,2.800897532701492332e-01,8.899999856948852539e-01
2.937253564596176147e-02,8.658646345138549805e-01,3.113415343593806117e-01,8.799999952316284180e-01
4.040164127945899963e-02,8.621818423271179199e-01,3.657022953266277909e-01,8.500000238418579102e-01
3.997038304805755615e-02,8.659464716911315918e-01,3.240571251930668972e-01,8.600000143051147461e-01
3.505274280905723572e-02,8.647188544273376465e-01,3.350293280789628514e-01,8.199999928474426270e-01
3.734446689486503601e-02,8.630821108818054199e-01,3.664584748866036579e-01,8.600000143051147461e-01
3.563234955072402954e-02,8.636549711227416992e-01,3.509847049578093126e-01,8.899999856948852539e-01
3.367400914430618286e-02,8.612816333770751953e-01,3.962185818934813031e-01,8.299999833106994629e-01
3.077859431505203247e-02,8.573533296585083008e-01,3.510252871550619824e-01,8.600000143051147461e-01
2.889132685959339142e-02,8.553072810173034668e-01,3.021956431446596869e-01,8.700000047683715820e-01
4.594970121979713440e-02,8.620181679725646973e-01,3.260136639140546189e-01,8.799999952316284180e-01
6.170964986085891724e-02,8.592356443405151367e-01,4.597812960296869256e-01,8.100000023841857910e-01
4.612650349736213684e-02,8.629183769226074219e-01,3.138553140871226943e-01,8.399999737739562988e-01
4.478827118873596191e-02,8.669285774230957031e-01,3.392030611261725448e-01,8.799999952316284180e-01
3.402238711714744568e-02,8.636549711227416992e-01,3.457154000294394569e-01,8.500000238418579102e-01
3.258800134062767029e-02,8.584990501403808594e-01,3.098797273635864324e-01,8.700000047683715820e-01
3.615218028426170349e-02,8.658646345138549805e-01,3.224898647819645636e-01,8.700000047683715820e-01
4.482451826333999634e-02,8.601358532905578613e-01,4.430055106291547196e-01,8.100000023841857910e-01
3.862238675355911255e-02,8.598903417587280273e-01,4.321214502351358733e-01,8.199999928474426270e-01
3.521249443292617798e-02,8.617726564407348633e-01,3.080880922917276776e-01,8.500000238418579102e-01
3.427307680249214172e-02,8.604632019996643066e-01,3.078373743593692535e-01,8.600000143051147461e-01
3.252257406711578369e-02,8.603813648223876953e-01,3.632733927108347527e-01,8.199999928474426270e-01
3.042411431670188904e-02,8.611997961997985840e-01,3.522825455944985085e-01,8.299999833106994629e-01
2.899601683020591736e-02,8.556346893310546875e-01,3.652750150579959221e-01,8.199999928474426270e-01
3.185259923338890076e-02,8.580898642539978027e-01,3.184225659724325141e-01,8.399999737739562988e-01
2.078852057456970215e-02,8.592356443405151367e-01,2.045941866608336490e-01,9.200000166893005371e-01
2.457942068576812744e-02,8.499877452850341797e-01,3.755992266675457492e-01,8.399999737739562988e-01
2.699039503931999207e-02,8.578443527221679688e-01,3.692212331015616855e-01,8.799999952316284180e-01
3.329103812575340271e-02,8.565348982810974121e-01,3.166037146188318552e-01,8.899999856948852539e-01
3.384009003639221191e-02,8.459776043891906738e-01,4.111038784217089237e-01,8.100000023841857910e-01
3.765172883868217468e-02,8.385301828384399414e-01,3.581870738510042340e-01,8.399999737739562988e-01
5.065383762121200562e-02,8.598903417587280273e-01,3.347000143257901073e-01,8.700000047683715820e-01
5.502064153552055359e-02,8.558802008628845215e-01,3.964777039689943439e-01,8.000000119209289551e-01
4.015041887760162354e-02,8.602176904678344727e-01,4.317224070290103799e-01,7.799999713897705078e-01
3.811692446470260620e-02,8.622636795043945312e-01,3.648781233467161544e-01,8.299999833106994629e-01
3.160719200968742371e-02,8.549799323081970215e-01,2.505667196027934751e-01,8.899999856948852539e-01
5.218487977981567383e-02,7.423684597015380859e-01,3.945442604925483709e-01,8.100000023841857910e-01
7.825653254985809326e-02,8.194614648818969727e-01,4.674190339632332547e-01,7.400000095367431641e-01
1.303762495517730713e-01,6.447336077690124512e-01,4.356008835230022469e-01,7.599999904632568359e-01
5.857987329363822937e-02,8.301824927330017090e-01,3.854323411453515202e-01,8.100000023841857910e-01
9.135036915540695190e-02,8.011294007301330566e-01,4.826872195303439916e-01,7.699999809265136719e-01
2.989990822970867157e-02,8.341107964515686035e-01,3.096026325086131958e-01,8.700000047683715820e-01
3.238455206155776978e-02,8.593993186950683594e-01,3.969139760104007930e-01,8.399999737739562988e-01
3.653819486498832703e-02,8.584990501403808594e-01,3.485198739590123496e-01,8.899999856948852539e-01
1.904698088765144348e-02,8.593993186950683594e-01,2.300859218649566051e-01,9.200000166893005371e-01
1.681218296289443970e-02,8.523610830307006836e-01,3.587651598686352195e-01,8.199999928474426270e-01
1.800186373293399811e-02,8.580080270767211914e-01,2.942832405096851289e-01,8.899999856948852539e-01
1.504385191947221756e-02,8.597266674041748047e-01,2.695362226548604911e-01,8.399999737739562988e-01
3.229267895221710205e-02,8.566167354583740234e-01,3.438303416152484471e-01,8.600000143051147461e-01
2.151985093951225281e-02,8.597266674041748047e-01,3.526953431637957492e-01,8.700000047683715820e-01
5.640509352087974548e-02,8.602176904678344727e-01,3.795061533572152146e-01,8.299999833106994629e-01
5.720811709761619568e-02,8.590719103813171387e-01,3.925145278731361209e-01,8.299999833106994629e-01
3.772554546594619751e-02,8.617726564407348633e-01,2.221679409453645448e-01,8.799999952316284180e-01
3.974173590540885925e-02,8.558802008628845215e-01,2.917499761795624980e-01,8.799999952316284180e-01
4.365789890289306641e-02,8.600540161132812500e-01,3.717642358969897032e-01,8.100000023841857910e-01
1.160475388169288635e-01,8.525247573852539062e-01,3.645246256375685445e-01,8.299999833106994629e-01
6.169631332159042358e-02,8.612816333770751953e-01,2.830794638488441928e-01,8.500000238418579102e-01
5.692043155431747437e-02,8.580898642539978027e-01,3.050731777446344384e-01,9.100000262260437012e-01
8.284734189510345459e-02,8.593993186950683594e-01,3.500387472589500115e-01,8.399999737739562988e-01
5.479247868061065674e-02,8.527702689170837402e-01,3.166079616080969550e-01,8.799999952316284180e-01
7.304833829402923584e-02,8.589082360267639160e-01,3.706992114149034179e-01,8.100000023841857910e-01
5.415668711066246033e-02,8.607905507087707520e-01,2.754467397835105857e-01,8.700000047683715820e-01
5.293443053960800171e-02,8.620181679725646973e-01,3.538047377346083544e-01,8.100000023841857910e-01
4.530677944421768188e-02,8.627547025680541992e-01,2.667210674937814385e-01,9.300000071525573730e-01
3.414750844240188599e-02,8.542433977127075195e-01,2.721206939406692893e-01,8.600000143051147461e-01
4.303371161222457886e-02,8.619363307952880859e-01,4.343138332106172839e-01,8.299999833106994629e-01
5.877851322293281555e-02,8.610360622406005859e-01,4.063880902901291781e-01,8.000000119209289551e-01
7.616018503904342651e-02,8.607905507087707520e-01,4.061995719978586106e-01,8.299999833106994629e-01
6.425041705369949341e-02,8.648006916046142578e-01,2.802106231870129527e-01,8.999999761581420898e-01
5.941732600331306458e-02,8.566985726356506348e-01,3.355775006720796427e-01,8.299999833106994629e-01
7.049363851547241211e-02,8.623455166816711426e-01,3.687824225379154330e-01,8.000000119209289551e-01
6.312248110771179199e-02,8.627547025680541992e-01,4.556644083419814639e-01,7.799999713897705078e-01
5.269821360707283020e-02,8.630002737045288086e-01,3.590594965685158790e-01,8.500000238418579102e-01
3.573380783200263977e-02,8.613634705543518066e-01,3.374078265484422579e-01,8.399999737739562988e-01
4.016759619116783142e-02,8.651280999183654785e-01,3.512294284300878644e-01,8.199999928474426270e-01
4.470117762684822083e-02,8.641459941864013672e-01,3.703625240130349883e-01,8.500000238418579102e-01
5.258851125836372375e-02,8.638186454772949219e-01,4.049714696500450462e-01,8.600000143051147461e-01
5.272286757826805115e-02,8.625910282135009766e-01,2.805816074367612489e-01,8.999999761581420898e-01
4.788542166352272034e-02,8.624273538589477539e-01,2.827781493216752762e-01,8.600000143051147461e-01
5.173376947641372681e-02,8.643915057182312012e-01,3.294041042402386932e-01,8.500000238418579102e-01
4.204766824841499329e-02,8.654554486274719238e-01,2.735888058226555453e-01,8.700000047683715820e-01
3.992548212409019470e-02,8.631639480590820312e-01,3.111468859668821141e-01,8.700000047683715820e-01
4.225167259573936462e-02,8.591537475585937500e-01,3.539538951264694089e-01,8.500000238418579102e-01
3.636796772480010986e-02,8.635731339454650879e-01,2.890159575967118366e-01,8.600000143051147461e-01
3.557356446981430054e-02,8.565348982810974121e-01,3.534166064346209168e-01,8.500000238418579102e-01
4.097403585910797119e-02,8.629183769226074219e-01,3.385839406773448190e-01,8.600000143051147461e-01
3.923420235514640808e-02,8.508061170578002930e-01,2.747257587453350580e-01,8.999999761581420898e-01
4.447577893733978271e-02,8.605450391769409180e-01,3.768144038086757019e-01,8.500000238418579102e-01
3.811267763376235962e-02,8.616908192634582520e-01,2.790602147066965633e-01,8.999999761581420898e-01
2.986334823071956635e-02,8.626728653907775879e-01,2.138709786208346508e-01,9.200000166893005371e-01
3.590448945760726929e-02,8.633276224136352539e-01,3.828728406038135468e-01,8.399999737739562988e-01
2.753885835409164429e-02,8.635731339454650879e-01,2.610753919417038715e-01,9.300000071525573730e-01
3.664105385541915894e-02,8.585808873176574707e-01,3.631120479246601196e-01,8.700000047683715820e-01
5.458695068955421448e-02,8.548162579536437988e-01,4.587773722875863047e-01,8.500000238418579102e-01
5.089631304144859314e-02,8.592356443405151367e-01,4.283778766728937870e-01,8.299999833106994629e-01
3.786811232566833496e-02,8.445863127708435059e-01,3.325298342574387611e-01,8.600000143051147461e-01
4.816560819745063782e-02,8.562893867492675781e-01,4.115273392666131125e-01,8.100000023841857910e-01
4.365150630474090576e-02,8.533431291580200195e-01,4.356248267553746722e-01,7.900000214576721191e-01
5.260332673788070679e-02,8.610360622406005859e-01,3.571386409550905139e-01,8.100000023841857910e-01
5.800768360495567322e-02,8.625910282135009766e-01,3.766374312993139295e-01,8.199999928474426270e-01
5.392053350806236267e-02,8.602176904678344727e-01,2.991699757054447906e-01,8.399999737739562988e-01
6.778603047132492065e-02,8.611179590225219727e-01,3.601612636819481739e-01,8.399999737739562988e-01
6.824198365211486816e-02,8.619363307952880859e-01,4.116153504606336333e-01,8.199999928474426270e-01
5.439865589141845703e-02,8.648006916046142578e-01,3.246485221292823575e-01,8.299999833106994629e-01
5.269448086619377136e-02,8.598085045814514160e-01,3.432261348934844136e-01,8.299999833106994629e-01
5.448355153203010559e-02,8.621818423271179199e-01,3.912733873305842547e-01,8.199999928474426270e-01
4.327188059687614441e-02,8.642278313636779785e-01,3.710571935400366894e-01,8.700000047683715820e-01
3.995640948414802551e-02,8.650462627410888672e-01,2.175810485612600931e-01,9.100000262260437012e-01
5.223093181848526001e-02,8.628365397453308105e-01,3.651240487024188242e-01,8.500000238418579102e-01
4.869440570473670959e-02,8.607905507087707520e-01,3.839168489119038075e-01,8.600000143051147461e-01
4.801166430115699768e-02,8.587445616722106934e-01,3.351260635256767539e-01,8.600000143051147461e-01
5.231284350156784058e-02,8.342744708061218262e-01,4.062557697109878130e-01,8.600000143051147461e-01
5.420637130737304688e-02,8.541615605354309082e-01,4.319181230477988631e-01,8.299999833106994629e-01
5.347314476966857910e-02,8.622636795043945312e-01,4.261765302717685500e-01,8.199999928474426270e-01
5.331052094697952271e-02,8.625910282135009766e-01,3.499517371319234571e-01,8.299999833106994629e-01
4.897731542587280273e-02,8.620181679725646973e-01,3.527511689905077352e-01,8.600000143051147461e-01
4.803813621401786804e-02,8.637368083000183105e-01,3.601061374787241087e-01,8.500000238418579102e-01
3.224685788154602051e-02,8.625091910362243652e-01,2.294939562864601601e-01,9.100000262260437012e-01
3.900298103690147400e-02,8.534249663352966309e-01,3.834366564173251613e-01,8.299999833106994629e-01
3.715059906244277954e-02,8.576806783676147461e-01,2.873342909011989965e-01,8.899999856948852539e-01
3.400003165006637573e-02,8.630002737045288086e-01,3.060830502724274926e-01,8.700000047683715820e-01
3.370017558336257935e-02,8.630002737045288086e-01,3.285396997164934940e-01,8.799999952316284180e-01
2.971118874847888947e-02,8.602176904678344727e-01,3.859103207383304812e-01,8.299999833106994629e-01
2.538329921662807465e-02,8.638186454772949219e-01,2.789790399558842449e-01,9.399999976158142090e-01
2.594379521906375885e-02,8.639004826545715332e-01,3.531852035829797232e-01,8.600000143051147461e-01
4.564338177442550659e-02,8.621818423271179199e-01,3.371510912571102359e-01,8.700000047683715820e-01
3.166066482663154602e-02,8.658646345138549805e-01,2.697579637076705783e-01,8.700000047683715820e-01
3.019605204463005066e-02,8.651280999183654785e-01,3.048145579453557796e-01,9.100000262260437012e-01
3.013104572892189026e-02,8.545707464218139648e-01,3.617718548048287630e-01,8.799999952316284180e-01
6.649032235145568848e-02,7.973647713661193848e-01,5.450513505842536910e-01,7.099999785423278809e-01
6.513138860464096069e-02,7.837793827056884766e-01,4.335067389998584764e-01,7.900000214576721191e-01
1.271825283765792847e-01,8.207709193229675293e-01,4.767694507353008038e-01,7.400000095367431641e-01
7.879511266946792603e-02,8.297733068466186523e-01,3.603204699605703221e-01,8.700000047683715820e-01
6.026373058557510376e-02,8.294459581375122070e-01,3.866333676036447509e-01,8.299999833106994629e-01
7.872657477855682373e-02,8.303461670875549316e-01,3.646142904972657361e-01,8.999999761581420898e-01
7.901544123888015747e-02,8.048940300941467285e-01,4.832288363110274210e-01,7.699999809265136719e-01
9.511771053075790405e-02,8.249447345733642578e-01,3.745678276475519208e-01,8.500000238418579102e-01
1.065755113959312439e-01,8.237990140914916992e-01,3.985750423092395134e-01,8.100000023841857910e-01
6.747686117887496948e-02,8.226532340049743652e-01,4.238842556066810818e-01,8.000000119209289551e-01
7.340697199106216431e-02,8.257631659507751465e-01,4.242883540038019374e-01,8.000000119209289551e-01
6.264448165893554688e-02,8.286275267601013184e-01,4.101428378000855357e-01,8.199999928474426270e-01
5.320958793163299561e-02,8.240445256233215332e-01,3.121785479132085928e-01,8.799999952316284180e-01
7.460381090641021729e-02,8.297733068466186523e-01,4.205046852771192611e-01,8.000000119209289551e-01
8.629354089498519897e-02,8.286275267601013184e-01,4.731458460167050628e-01,7.699999809265136719e-01
6.280257552862167358e-02,8.313282728195190430e-01,3.825606509391218379e-01,8.399999737739562988e-01
5.702031403779983521e-02,8.269907236099243164e-01,3.470767649775370889e-01,8.700000047683715820e-01
4.748511686921119690e-02,8.311645984649658203e-01,4.052298544580116846e-01,8.399999737739562988e-01
6.802617013454437256e-02,8.350110650062561035e-01,4.097866719495504850e-01,8.299999833106994629e-01
4.444419592618942261e-02,8.345199823379516602e-01,3.077682587597518893e-01,8.600000143051147461e-01
8.096192032098770142e-02,8.325558304786682129e-01,4.127360973460599824e-01,8.000000119209289551e-01
5.194079130887985229e-02,8.445044755935668945e-01,3.874521578010171607e-01,7.900000214576721191e-01
3.760293498635292053e-02,8.465504646301269531e-01,3.216881064744666063e-01,8.600000143051147461e-01
5.701029300689697266e-02,8.467959761619567871e-01,3.723255919944494785e-01,8.799999952316284180e-01
5.192381516098976135e-02,8.279728293418884277e-01,4.223662900459021485e-01,8.000000119209289551e-01
6.832204014062881470e-02,8.338652849197387695e-01,3.457349019264802092e-01,8.500000238418579102e-01
3.262019157409667969e-02,8.329650759696960449e-01,3.801372890733182297e-01,8.700000047683715820e-01
3.728222101926803589e-02,7.945821881294250488e-01,4.339991172496229233e-01,7.699999809265136719e-01
5.452859401702880859e-02,8.297733068466186523e-01,4.296219315193593458e-01,7.699999809265136719e-01
4.247163236141204834e-02,8.324739933013916016e-01,3.919439908489584790e-01,7.799999713897705078e-01
2.769273892045021057e-02,8.288730382919311523e-01,2.879186114668846330e-01,8.700000047683715820e-01
4.009327292442321777e-02,8.328014016151428223e-01,3.282881708396598874e-01,8.799999952316284180e-01
3.173862025141716003e-02,8.339471220970153809e-01,3.657111791428178660e-01,8.899999856948852539e-01
2.670815959572792053e-02,8.087404966354370117e-01,3.680842872988432379e-01,8.399999737739562988e-01
6.601359695196151733e-02,8.325558304786682129e-01,3.882448322977870570e-01,8.100000023841857910e-01
6.080344691872596741e-02,8.386938571929931641e-01,3.777665988542139308e-01,8.100000023841857910e-01
4.916391149163246155e-02,8.377117514610290527e-01,3.566660534823313244e-01,8.399999737739562988e-01
3.406455740332603455e-02,8.402487635612487793e-01,3.890561192575842098e-01,8.199999928474426270e-01
2.793621271848678589e-02,8.315737843513488770e-01,3.519954853551462426e-01,8.899999856948852539e-01
5.263171344995498657e-02,8.245355486869812012e-01,4.577458219556138075e-01,7.900000214576721191e-01
2.911783382296562195e-02,8.431131839752197266e-01,3.925459395255893602e-01,8.399999737739562988e-01
3.330233693122863770e-02,8.419674038887023926e-01,4.339995490387081878e-01,8.199999928474426270e-01
6.251335889101028442e-02,8.422948122024536133e-01,4.167701158672570960e-01,8.000000119209289551e-01
6.255926936864852905e-02,8.423766493797302246e-01,4.076358528528362668e-01,7.900000214576721191e-01
3.667484223842620850e-02,8.409035205841064453e-01,3.993356538284569823e-01,8.100000023841857910e-01
4.173832386732101440e-02,8.453228473663330078e-01,3.467539826361462629e-01,8.600000143051147461e-01
4.895711317658424377e-02,8.022751212120056152e-01,5.359019222296774743e-01,7.200000286102294922e-01
3.314331918954849243e-02,8.348473906517028809e-01,4.337043097894638932e-01,7.900000214576721191e-01
4.059075936675071716e-02,8.435223698616027832e-01,4.200918458867818339e-01,8.899999856948852539e-01
6.628417223691940308e-02,8.381209373474121094e-01,3.972817854117602354e-01,8.500000238418579102e-01
3.345752507448196411e-02,8.493329882621765137e-01,3.268219533190130921e-01,8.700000047683715820e-01
2.104278467595577240e-02,8.478599190711975098e-01,2.808364995336160019e-01,9.100000262260437012e-01
2.390852570533752441e-02,8.447499871253967285e-01,3.464379494008608118e-01,8.299999833106994629e-01
2.698993124067783356e-02,8.443408012390136719e-01,3.494928363431245022e-01,8.399999737739562988e-01
2.363147214055061340e-02,8.472051620483398438e-01,3.347498052753508091e-01,8.500000238418579102e-01
4.959315434098243713e-02,8.404124975204467773e-01,3.913449166622012809e-01,8.399999737739562988e-01
3.539741784334182739e-02,8.384483456611633301e-01,4.197832142002880795e-01,8.500000238418579102e-01
3.234369680285453796e-02,8.413945436477661133e-01,3.205651325359940573e-01,8.700000047683715820e-01
2.478062547743320465e-02,8.476961851119995117e-01,2.802677104412578113e-01,8.799999952316284180e-01
2.051527239382266998e-02,8.515426516532897949e-01,3.549275999865494913e-01,8.999999761581420898e-01
3.360658138990402222e-02,8.602176904678344727e-01,4.378560565970838203e-01,8.399999737739562988e-01
3.105633333325386047e-02,8.617726564407348633e-01,3.915908878762274781e-01,8.100000023841857910e-01
3.087569028139114380e-02,8.587445616722106934e-01,2.972743425681255713e-01,8.899999856948852539e-01
2.093492262065410614e-02,8.571895956993103027e-01,2.506354350177570911e-01,8.999999761581420898e-01
1.957760564982891083e-02,8.566985726356506348e-01,3.112986469315364713e-01,8.999999761581420898e-01
2.424309775233268738e-02,8.629183769226074219e-01,3.288174870004877404e-01,8.600000143051147461e-01
2.524917013943195343e-02,8.561257123947143555e-01,4.133460651477798842e-01,8.100000023841857910e-01
2.017512731254100800e-02,8.582535386085510254e-01,2.456277562724426267e-01,8.700000047683715820e-01
2.460756897926330566e-02,8.586627244949340820e-01,4.357449900871142590e-01,8.399999737739562988e-01
2.881303243339061737e-02,8.643096685409545898e-01,3.204575277678668455e-01,8.799999952316284180e-01
2.845715917646884918e-02,8.608723878860473633e-01,4.204992492776364332e-01,8.100000023841857910e-01
3.328723087906837463e-02,8.643915057182312012e-01,3.333752843691036305e-01,8.600000143051147461e-01
3.531100228428840637e-02,8.597266674041748047e-01,3.374803501460701405e-01,8.600000143051147461e-01
3.353776037693023682e-02,8.572714328765869141e-01,3.862259345501661278e-01,8.299999833106994629e-01
4.321445524692535400e-02,8.614453077316284180e-01,2.845367343118414549e-01,8.500000238418579102e-01
4.384731501340866089e-02,8.611179590225219727e-01,4.164919010945595801e-01,8.600000143051147461e-01
2.598595805466175079e-02,8.579261898994445801e-01,2.224453672906383794e-01,9.200000166893005371e-01
2.861113287508487701e-02,8.602995276451110840e-01,3.043028640002012342e-01,8.600000143051147461e-01
2.563907019793987274e-02,8.644733428955078125e-01,3.655883826687931770e-01,8.100000023841857910e-01
2.931141294538974762e-02,8.629183769226074219e-01,3.017802004935219995e-01,8.600000143051147461e-01
3.533712401986122131e-02,8.610360622406005859e-01,3.123658170783892296e-01,8.899999856948852539e-01
3.818909823894500732e-02,8.614453077316284180e-01,3.815617367322556852e-01,8.199999928474426270e-01
2.866731584072113037e-02,8.563712239265441895e-01,2.811676948750391758e-01,8.600000143051147461e-01
2.931257151067256927e-02,8.569440841674804688e-01,3.532109414413571180e-01,8.799999952316284180e-01
3.311679512262344360e-02,8.499877452850341797e-01,3.425335914851166397e-01,8.600000143051147461e-01
2.550323307514190674e-02,8.434405326843261719e-01,3.768381279939785333e-01,8.299999833106994629e-01
4.993489384651184082e-02,8.624273538589477539e-01,3.466018252354114981e-01,8.500000238418579102e-01
2.629475668072700500e-02,8.609542250633239746e-01,3.377636459935456359e-01,8.700000047683715820e-01
4.127240926027297974e-02,8.539160490036010742e-01,4.247833585180342264e-01,8.700000047683715820e-01
2.810625918209552765e-02,8.563712239265441895e-01,2.900653984304517596e-01,8.799999952316284180e-01
2.970169857144355774e-02,8.559620380401611328e-01,3.111233456805348463e-01,8.899999856948852539e-01
2.962694130837917328e-02,8.571895956993103027e-01,4.186646163556724809e-01,8.199999928474426270e-01
3.673149272799491882e-02,8.584172129631042480e-01,4.122134956810623585e-01,8.299999833106994629e-01
3.030419163405895233e-02,8.533431291580200195e-01,3.120374813955277271e-01,8.700000047683715820e-01
2.874724380671977997e-02,8.305098414421081543e-01,4.019797233492136135e-01,8.299999833106994629e-01
3.804520145058631897e-02,8.246173858642578125e-01,5.371941837295889366e-01,7.599999904632568359e-01
3.252280503511428833e-02,8.621818423271179199e-01,3.747393333725630993e-01,8.399999737739562988e-01
3.485532477498054504e-02,8.621818423271179199e-01,4.239048104546964124e-01,8.000000119209289551e-01
3.315635025501251221e-02,8.611179590225219727e-01,3.749238288868218527e-01,8.199999928474426270e-01
2.696127071976661682e-02,8.606268763542175293e-01,3.265248556807637259e-01,8.700000047683715820e-01
3.166181966662406921e-02,8.499059081077575684e-01,4.474712394829839512e-01,8.199999928474426270e-01
2.745883539319038391e-02,8.512153029441833496e-01,3.830534342210739629e-01,8.100000023841857910e-01
2.785888686776161194e-02,8.444226384162902832e-01,5.270171012729406579e-01,7.099999785423278809e-01
2.300712093710899353e-02,8.573533296585083008e-01,3.459987258352339445e-01,8.700000047683715820e-01
1.745927333831787109e-02,8.588263988494873047e-01,2.606714894901960844e-01,8.999999761581420898e-01
2.408077195286750793e-02,8.598903417587280273e-01,4.061517106741666661e-01,8.299999833106994629e-01
4.024008288979530334e-02,8.548162579536437988e-01,2.878357065748423094e-01,8.899999856948852539e-01
2.594007737934589386e-02,8.489238023757934570e-01,4.301741648558527475e-01,8.199999928474426270e-01
5.104460567235946655e-02,8.550617694854736328e-01,2.912233559088781565e-01,8.899999856948852539e-01
7.267849147319793701e-02,8.553072810173034668e-01,3.344963667262345619e-01,8.700000047683715820e-01
1.298092752695083618e-01,8.598903417587280273e-01,3.517933364212513236e-01,8.600000143051147461e-01
9.239323437213897705e-02,8.592356443405151367e-01,2.992543890047818511e-01,8.700000047683715820e-01
1.071007698774337769e-01,8.609542250633239746e-01,3.684916345961392059e-01,8.500000238418579102e-01
3.192915394902229309e-02,8.629183769226074219e-01,2.964451956748962447e-01,8.700000047683715820e-01
4.999783262610435486e-02,8.576806783676147461e-01,3.148393446998670742e-01,8.600000143051147461e-01
4.025210812687873840e-02,8.618544936180114746e-01,4.049786605313420162e-01,8.100000023841857910e-01
4.530245065689086914e-02,8.597266674041748047e-01,3.758600937295705213e-01,8.199999928474426270e-01
2.796356938779354095e-02,8.539160490036010742e-01,3.446386667061597242e-01,8.500000238418579102e-01
2.790896967053413391e-02,8.601358532905578613e-01,3.647777922591194377e-01,8.500000238418579102e-01
1.826409436762332916e-02,8.632457852363586426e-01,2.781681405147537478e-01,8.999999761581420898e-01
1.582691632211208344e-02,8.620181679725646973e-01,2.903824882768094584e-01,8.899999856948852539e-01
2.330496162176132202e-02,8.540797233581542969e-01,3.894920772779733031e-01,8.399999737739562988e-01
1.729291118681430817e-02,8.587445616722106934e-01,2.664237179863266913e-01,8.999999761581420898e-01
1.562789268791675568e-02,8.482691049575805664e-01,2.769465974229388117e-01,8.899999856948852539e-01
1.113687083125114441e-02,8.454865217208862305e-01,2.950006931321695336e-01,8.899999856948852539e-01
1.022682525217533112e-02,8.536705374717712402e-01,2.997681578993797169e-01,8.799999952316284180e-01
1.814211905002593994e-02,8.572714328765869141e-01,4.377574902772903287e-01,8.100000023841857910e-01
9.100442379713058472e-02,8.592356443405151367e-01,3.867858276143670282e-01,8.500000238418579102e-01
2.973988652229309082e-02,8.617726564407348633e-01,3.508826197450980455e-01,8.500000238418579102e-01
1.915691792964935303e-02,8.579261898994445801e-01,2.089350621704943456e-01,9.399999976158142090e-01
1.825145259499549866e-02,8.636549711227416992e-01,3.316245487541891745e-01,8.500000238418579102e-01
1.398454885929822922e-02,8.623455166816711426e-01,3.413118110271170513e-01,8.299999833106994629e-01
1.970992609858512878e-02,8.652917742729187012e-01,3.871919488580897184e-01,8.799999952316284180e-01
2.223852090537548065e-02,8.614453077316284180e-01,3.395366787072270909e-01,8.600000143051147461e-01
2.830467000603675842e-02,8.615271449089050293e-01,3.208724180306308238e-01,8.600000143051147461e-01
4.012969136238098145e-02,8.632457852363586426e-01,4.296773429121822363e-01,8.500000238418579102e-01
2.960229106247425079e-02,8.643096685409545898e-01,2.710026568872854202e-01,8.999999761581420898e-01
3.292764350771903992e-02,8.636549711227416992e-01,3.136363516189157874e-01,8.700000047683715820e-01
3.844322264194488525e-02,8.639004826545715332e-01,2.631663414067588747e-01,8.999999761581420898e-01
4.402106627821922302e-02,8.527702689170837402e-01,3.200824262946844190e-01,8.399999737739562988e-01
6.240416318178176880e-02,8.649644255638122559e-01,4.035117064486257732e-01,8.500000238418579102e-01
4.955072700977325439e-02,8.621818423271179199e-01,3.319548737583681852e-01,8.500000238418579102e-01
6.509184837341308594e-02,8.602995276451110840e-01,4.067486433451995009e-01,8.299999833106994629e-01
8.173196017742156982e-02,8.637368083000183105e-01,3.886712531885131994e-01,8.500000238418579102e-01
5.172992125153541565e-02,8.641459941864013672e-01,3.060580242727883316e-01,8.700000047683715820e-01
5.830776691436767578e-02,8.568622469902038574e-01,4.496651629800908490e-01,8.399999737739562988e-01
4.894485324621200562e-02,8.628365397453308105e-01,3.343794820713810734e-01,8.500000238418579102e-01
6.383726745843887329e-02,8.634912967681884766e-01,3.644338945206254676e-01,8.399999737739562988e-01
5.914353579282760620e-02,8.639004826545715332e-01,3.914262924902141005e-01,8.100000023841857910e-01
3.699196130037307739e-02,8.622636795043945312e-01,2.662324970238841848e-01,8.899999856948852539e-01
2.742821536958217621e-02,8.267452120780944824e-01,3.486839077924377972e-01,8.700000047683715820e-01
2.385905757546424866e-02,8.515426516532897949e-01,3.195106732449494169e-01,8.399999737739562988e-01
2.622961439192295074e-02,8.654554486274719238e-01,3.722352990088984570e-01,8.299999833106994629e-01
2.046435140073299408e-02,8.653736114501953125e-01,3.079102122504264183e-01,8.700000047683715820e-01
2.307200804352760315e-02,8.648006916046142578e-01,2.762920808978378551e-01,8.999999761581420898e-01
2.637986652553081512e-02,8.650462627410888672e-01,2.693363384820986473e-01,8.700000047683715820e-01
2.954233996570110321e-02,8.642278313636779785e-01,2.951704484922811345e-01,8.700000047683715820e-01
4.515068605542182922e-02,8.634094595909118652e-01,2.546893602935597078e-01,8.999999761581420898e-01
5.772517994046211243e-02,8.626728653907775879e-01,4.967344353522639699e-01,7.799999713897705078e-01
